Geneid	/home/lisa5634/GenomeAnalysis/analyses/06_expression/mapping_individual/Control_1_Aligned.sortedByCoord.out.bam	/home/lisa5634/GenomeAnalysis/analyses/06_expression/mapping_individual/Control_2_Aligned.sortedByCoord.out.bam	/home/lisa5634/GenomeAnalysis/analyses/06_expression/mapping_individual/Control_3_Aligned.sortedByCoord.out.bam	/home/lisa5634/GenomeAnalysis/analyses/06_expression/mapping_individual/Heat_treated_42_12h_1_Aligned.sortedByCoord.out.bam	/home/lisa5634/GenomeAnalysis/analyses/06_expression/mapping_individual/Heat_treated_42_12h_2_Aligned.sortedByCoord.out.bam	/home/lisa5634/GenomeAnalysis/analyses/06_expression/mapping_individual/Heat_treated_42_12h_3_Aligned.sortedByCoord.out.bam
g1	0	0	0	24	0	0
g2	110	86	152	128	45	0
g3	0	0	0	0	0	0
g4	9	0	26	12	2	0
g5	0	0	0	0	0	0
g6	50	141	122	93	244	287
g7	258	288	219	123	58	264
g8	5	1	1	6	0	4
g9	0	0	0	0	0	0
g10	0	0	0	0	0	0
g11	0	0	0	0	0	0
g12	2	2	3	0	0	0
g13	313	542	451	394	253	276
g14	19	10	20	10	10	12
g15	20	31	29	11	0	9
g16	6174	4906	4663	2613	3490	3461
g17	1692	2857	2395	1436	1463	2075
g18	1824	2577	3273	435	286	897
g19	676	1223	1111	219	75	384
g20	92	79	137	131	60	258
g21	838	483	457	579	308	1101
g22	1585	1898	1723	1447	1217	1916
g23	522	419	495	444	421	385
g24	639	143	180	1005	996	857
g25	4	2	10	332	99	129
g26	849	645	652	3777	1854	2072
g27	5651	799	1553	606	480	2425
g28	128	118	98	50	18	113
g29	6	2	8	23	37	32
g30	16	20	31	13	10	25
g31	2026	3181	2037	3099	2689	2169
g32	39	29	22	402	127	257
g33	869	699	664	371	173	749
g34	288	239	261	192	86	433
g35	431	369	323	84	41	223
g36	936	9886	6006	337	827	1587
g37	36	46	31	9	3	16
g38	0	0	0	0	0	0
g39	0	0	0	0	0	0
g40	0	0	0	0	0	0
g41	0	0	0	0	0	0
g42	0	0	0	0	0	0
g43	0	0	0	0	0	0
g44	0	0	0	0	0	0
g45	0	0	0	0	0	0
g46	0	0	0	0	0	0
g47	0	0	0	0	0	0
g48	0	0	0	0	0	0
g49	0	0	0	0	0	0
g50	0	0	0	0	0	0
g51	0	0	0	0	0	0
g52	0	0	0	0	0	0
g53	0	0	0	0	0	0
g54	0	0	0	0	0	0
g55	0	0	0	0	0	0
g56	0	0	0	0	0	0
g57	0	0	0	0	0	0
g58	0	0	0	0	0	0
g59	0	0	0	0	0	0
g60	0	0	0	0	0	0
g61	0	0	0	0	0	0
g62	0	0	0	0	0	0
g63	0	0	0	0	0	0
g64	0	0	0	0	0	0
g65	0	0	0	0	0	0
g66	0	0	0	0	0	0
g67	0	0	0	0	0	0
g68	0	0	0	0	0	0
g69	0	0	0	0	0	0
g70	0	0	0	0	0	0
g71	0	0	0	0	0	0
g72	0	0	0	0	0	0
g73	0	0	0	0	0	0
g74	0	0	0	0	0	0
g75	0	0	0	0	0	0
g76	0	0	0	0	0	0
g77	0	0	0	0	0	0
g78	0	0	0	0	0	0
g79	0	0	0	0	0	0
g80	0	0	0	0	0	0
g81	0	0	0	2	0	0
g82	0	0	0	0	0	0
g83	0	0	0	6	0	2
g84	0	0	0	0	0	0
g85	0	0	0	0	0	0
g86	0	0	0	0	0	0
g87	0	0	0	0	0	0
g88	0	0	0	0	0	0
g89	0	0	0	0	0	0
g90	0	0	0	0	0	0
g91	0	0	0	0	0	0
g92	0	0	0	0	0	0
g93	0	0	0	0	0	0
g94	0	0	0	0	0	0
g95	0	0	0	0	0	0
g96	0	0	0	1	0	0
g97	0	0	0	0	0	0
g98	1	0	0	0	0	0
g99	0	0	0	5	7	0
g100	868	1008	1156	402	188	646
g101	0	4	0	13	9	35
g102	782	894	846	474	324	674
g103	192	253	231	173	14	187
g104	0	0	0	0	0	0
g105	6	0	6	6	0	0
g106	0	0	0	0	0	0
g107	1059	1417	866	927	495	1259
g108	0	0	0	0	0	0
g109	1792	2859	3117	4484	2516	4164
g110	3841	3960	3653	2290	1733	2755
g111	0	2	0	4	0	0
g112	2019	2991	2510	6569	4990	3958
g113	14	12	6	190	47	111
g114	4	33	4	4	4	0
g115	2220	2247	2182	2865	1489	2396
g116	69	28	43	38	25	43
g117	3149	2466	1993	2359	1204	3038
g118	0	0	0	0	0	2
g119	0	0	0	0	0	0
g120	0	0	0	0	0	0
g121	0	0	0	0	0	0
g122	0	0	0	0	0	0
g123	0	0	0	0	0	0
g124	0	0	0	0	0	0
g125	0	0	0	0	0	0
g126	0	0	0	0	0	0
g127	351	1740	2397	1064	666	653
g128	0	0	0	0	0	0
g129	0	0	0	0	0	0
g130	0	0	0	0	0	0
g131	0	0	0	0	0	0
g132	5440	4709	3759	3277	1520	4121
g133	0	0	0	0	0	0
g134	2	0	0	0	0	0
g135	0	0	0	0	0	0
g136	0	0	0	2	0	0
g137	0	0	0	0	0	0
g138	1920	1222	1039	702	271	414
g139	898	701	520	519	192	234
g140	0	0	0	0	2	0
g141	29	18	0	26	0	16
g142	0	0	0	0	0	0
g143	0	0	0	0	0	0
g144	0	0	0	0	0	0
g145	92	168	129	242	165	139
g146	13550	4588	3074	8772	7564	5543
g147	191	39	28	107	46	30
g148	13134	2341	2741	6858	4351	2743
g149	1989	1268	1138	723	246	728
g150	0	0	0	0	0	0
g151	33	12	18	34	29	26
g152	3481	461	1013	3361	3628	1327
g153	0	0	0	0	0	0
g154	5	15	20	55	12	24
g155	55	40	28	27	8	29
g156	1397	2394	2179	974	635	357
g157	1292	1576	1340	900	506	1086
g158	2159	2573	3020	1070	1096	1040
g159	148	290	288	274	316	349
g160	1900	2124	1873	945	1495	1528
g161	1595	1759	1555	2643	1815	2730
g162	99	139	155	324	142	212
g163	157	158	203	219	100	259
g164	0	0	0	0	0	0
g165	0	14	0	8	0	0
g166	0	0	0	0	0	0
g167	0	0	0	0	0	0
g168	0	0	0	2	0	0
g169	4	17	25	0	0	4
g170	1174	1239	1175	1947	1286	1896
g171	296	223	407	900	849	580
g172	2216	2649	2312	5527	6200	3845
g173	394	492	492	982	743	882
g174	311	298	310	703	414	759
g175	2605	4598	5800	7497	5627	4973
g176	1	10	16	28	6	7
g177	0	1	4	0	0	0
g178	0	0	0	2	0	0
g179	47	406	255	1991	821	967
g180	1347	1584	1464	2093	1064	1729
g181	60	31	32	77	12	68
g182	3163	14951	14888	5080	3058	4160
g183	1381	1444	1868	2593	1721	2578
g184	2779	2564	2353	3131	1410	2547
g185	605	637	537	296	214	410
g186	75	61	66	55	50	79
g187	0	0	0	0	0	0
g188	3	0	6	6	0	0
g189	2217	2910	2443	4765	2459	4639
g190	441	259	332	920	246	762
g191	4178	5324	5171	4599	2200	4428
g192	371	305	331	262	100	263
g193	3965	3135	3322	1801	979	2625
g194	117	140	160	141	122	163
g195	22783	3578	9943	2697	2363	3580
g196	0	0	0	0	0	0
g197	0	0	0	0	0	0
g198	0	0	0	0	0	0
g199	0	0	0	0	0	0
g200	1165	1102	1126	1417	1007	1961
g201	2	3	13	134	248	88
g202	232	575	406	1193	1479	644
g203	2359	2396	3141	720	116	626
g204	2	6	4	12	0	11
g205	4928	11735	11060	4166	3467	3901
g206	14	68	107	136	90	208
g207	0	0	0	0	0	0
g208	203	170	105	1508	482	896
g209	4160	3192	3391	4553	1682	2638
g210	0	0	0	0	0	0
g211	48	70	54	60	12	54
g212	270	2320	1482	712	434	603
g213	66	532	374	92	35	44
g214	0	0	0	0	0	0
g215	2372	8371	7575	1153	1532	1800
g216	90	346	306	40	43	78
g217	18	91	60	25	6	35
g218	0	2	1	2	5	2
g219	138	110	103	139	37	163
g220	1354	1286	972	804	577	1098
g221	143	429	298	125	137	194
g222	0	0	0	3	0	12
g223	435	1244	1394	919	359	765
g224	618	1714	1319	382	162	264
g225	0	20	3	2	0	0
g226	0	0	0	0	0	0
g227	1518	2279	2354	2406	1308	2881
g228	1234	983	1034	1432	598	1418
g229	0	0	0	0	0	0
g230	160	151	152	169	47	180
g231	23	16	37	44	15	34
g232	0	0	0	0	0	0
g233	0	0	0	0	0	0
g234	0	0	0	0	0	0
g235	3804	615	1723	3939	2976	5514
g236	12322	282	745	2527	891	4884
g237	0	0	0	19	0	6
g238	0	2	0	0	0	0
g239	155	1154	399	84	75	67
g240	5809	11269	13846	2232	2849	3401
g241	2997	4152	5835	2510	2781	2652
g242	65	113	86	70	36	76
g243	0	0	0	4	0	0
g244	2438	3558	3905	1376	662	2492
g245	87	46	77	115	63	87
g246	6047	5471	5153	3177	2948	3165
g247	345	645	616	428	372	541
g248	55	84	108	23	32	36
g249	878	1469	1270	1855	1243	1601
g250	10451	12417	12801	9160	12085	10240
g251	0	0	0	0	0	0
g252	0	0	0	0	0	0
g253	0	0	0	0	0	0
g254	0	0	0	8	30	0
g255	0	0	0	0	0	0
g256	2	0	1	15	20	6
g257	595	795	908	1479	1149	1311
g258	1	0	2	0	0	0
g259	32	66	74	84	51	87
g260	623	2118	2029	2527	1342	1052
g261	0	0	0	0	0	0
g262	4090	4264	4172	6439	4565	6934
g263	0	0	1	0	0	0
g264	0	0	0	0	0	0
g265	2679	6040	5638	2676	1432	2287
g266	3137	3341	3439	3619	2458	3623
g267	4467	4239	5487	20079	12978	13002
g268	145	37	60	132	75	75
g269	0	0	0	6	0	0
g270	0	0	0	0	0	6
g271	0	0	0	0	0	0
g272	0	0	0	0	0	0
g273	0	0	0	0	0	0
g274	0	0	0	0	0	0
g275	0	0	0	0	0	0
g276	0	0	0	0	0	0
g277	0	0	0	0	0	0
g278	0	0	0	0	0	0
g279	0	0	0	0	0	0
g280	0	0	0	0	0	0
g281	0	0	0	0	0	0
g282	4561	3844	3753	9199	7869	4719
g283	5099	393	878	1462	879	1504
g284	33	58	39	0	8	14
g285	165	239	165	307	136	270
g286	354	553	537	481	313	639
g287	7	2	3	5	4	0
g288	13433	8159	10326	8871	10945	7672
g289	0	0	0	0	0	0
g290	0	0	0	0	0	0
g291	0	0	0	0	0	0
g292	1918	542	963	390	494	323
g293	42	90	118	46	19	145
g294	0	0	0	0	0	0
g295	690	762	684	1024	444	1003
g296	3184	3233	2634	3165	1678	3485
g297	0	0	0	0	0	2
g298	0	0	0	9	0	0
g299	1127	405	280	893	297	466
g300	0	0	0	0	0	0
g301	353	224	195	203	84	203
g302	0	0	0	0	0	0
g303	0	0	0	0	0	0
g304	693	679	612	906	665	703
g305	0	0	0	0	0	0
g306	0	0	0	0	0	0
g307	709	650	597	240	138	352
g308	0	1	0	0	0	0
g309	445	579	542	978	1012	651
g310	229	210	250	185	92	230
g311	603	1041	1099	755	459	782
g312	0	0	0	0	0	0
g313	0	0	0	0	0	0
g314	0	0	1	0	0	0
g315	0	0	4	0	0	0
g316	2	0	0	0	0	0
g317	0	0	0	0	0	0
g318	0	0	0	0	0	0
g319	0	0	0	0	0	0
g320	0	0	0	0	0	0
g321	0	0	0	0	0	0
g322	0	0	0	0	0	0
g323	0	0	0	0	0	0
g324	0	0	0	0	0	0
g325	0	0	0	0	0	0
g326	0	0	0	0	0	0
g327	4	0	1	0	0	0
g328	0	0	0	0	0	0
g329	35	9	31	47	30	39
g330	2090	1189	1216	1021	988	2053
g331	0	12	0	0	0	0
g332	0	6	2	8	0	0
g333	0	0	0	0	0	0
g334	0	0	0	0	0	0
g335	0	0	0	0	0	0
g336	49	55	53	100	73	87
g337	470	419	482	661	703	720
g338	426	415	406	388	170	455
g339	0	0	0	0	0	0
g340	0	0	0	0	0	0
g341	0	0	0	0	0	0
g342	0	0	0	0	0	0
g343	0	0	0	0	0	0
g344	8	1	8	0	0	10
g345	2411	2723	4370	4672	4368	3184
g346	584	393	660	497	289	400
g347	0	0	0	0	0	0
g348	2410	4592	4968	2461	2350	2658
g349	0	2	2	0	0	0
g350	2	2	0	0	0	0
g351	0	0	0	2	1	0
g352	4022	1887	2608	3492	3012	3064
g353	2061	1946	2762	1356	597	2038
g354	779	1120	1014	877	578	900
g355	6	2	0	1	0	1
g356	2326	5301	6201	2450	924	4144
g357	0	0	0	0	0	2
g358	87	60	109	260	177	166
g359	2116	3831	3668	8866	7617	7284
g360	79	55	18	76	70	48
g361	13	12	2	18	0	6
g362	29	6	34	24	17	6
g363	644	724	884	933	561	727
g364	59	227	193	14	18	66
g365	3	2	4	4	4	0
g366	340	452	428	901	1051	749
g367	708	1158	793	1197	1258	1157
g368	441	327	293	197	92	310
g369	59	60	45	26	25	29
g370	625	153	213	84	57	207
g371	9	12	11	2	17	13
g372	580	616	566	364	135	424
g373	557	324	572	871	303	533
g374	46	78	41	39	18	136
g375	8	12	6	3	0	8
g376	0	0	0	0	0	0
g377	0	0	8	6	0	0
g378	0	0	0	0	0	0
g379	0	0	0	2	0	0
g380	0	0	0	0	0	0
g381	274	33	46	10	2	14
g382	0	0	5	0	0	0
g383	10	0	0	0	0	0
g384	0	0	0	0	0	0
g385	0	0	0	0	0	0
g386	0	0	0	0	0	0
g387	0	0	0	0	0	0
g388	0	0	0	0	0	0
g389	0	0	0	0	0	0
g390	0	0	0	0	0	0
g391	0	0	0	0	0	0
g392	0	0	0	0	0	0
g393	0	0	0	0	0	0
g394	0	0	0	0	0	0
g395	0	0	0	0	0	0
g396	0	0	1	0	0	0
g397	0	0	1	0	0	0
g398	0	0	0	0	0	0
g399	0	0	0	0	0	0
g400	204	214	173	283	173	109
g401	2807	3984	3682	4206	3357	2413
g402	418	545	538	505	337	634
g403	13	36	6	31	0	22
g404	36	8	12	2	0	0
g405	22	40	29	28	19	30
g406	537	450	324	204	82	212
g407	0	0	0	0	0	0
g408	184	830	587	311	82	305
g409	3257	3798	4052	4051	2991	3428
g410	960	1781	1552	1051	361	713
g411	159	410	302	192	63	129
g412	512	531	614	1929	725	1875
g413	9	56	13	4	0	8
g414	48	403	61	3	8	10
g415	0	0	0	4	0	6
g416	13871	9813	19294	30062	29009	18966
g417	0	4	0	0	0	4
g418	474	743	629	98	70	230
g419	316	264	324	124	118	303
g420	323	828	1435	1436	809	1648
g421	78	126	239	372	212	343
g422	0	0	0	0	0	0
g423	0	0	0	0	0	0
g424	0	0	0	0	0	0
g425	0	0	0	0	0	0
g426	0	0	0	0	0	0
g427	0	0	0	0	0	0
g428	0	0	0	0	0	0
g429	0	0	0	0	0	0
g430	0	0	0	0	0	0
g431	0	0	0	0	0	0
g432	0	0	0	27	7	22
g433	0	0	0	0	0	0
g434	0	0	0	0	0	0
g435	0	0	0	0	0	0
g436	0	4	34	31	36	39
g437	2606	3430	2891	969	736	1218
g438	526	533	549	165	129	193
g439	9	8	9	28	1	25
g440	1953	2107	1818	736	348	565
g441	148	144	239	52	78	36
g442	244	178	235	346	254	360
g443	692	696	949	1374	669	1080
g444	1281	1493	1935	634	309	620
g445	135	152	158	61	22	49
g446	15	12	26	9	24	2
g447	527	1001	758	616	280	390
g448	74	37	51	57	42	100
g449	984	504	677	1240	893	1614
g450	59	50	82	102	41	139
g451	28552	13017	22434	16536	14793	15871
g452	54	32	32	82	80	192
g453	306	344	360	935	594	805
g454	1	1	3	10	1	0
g455	66	96	150	56	87	32
g456	780	757	623	1331	1256	1159
g457	13	2	5	8	1	0
g458	749	5029	2205	1767	4445	2274
g459	0	0	0	0	1	5
g460	1109	1385	1191	1127	1031	2267
g461	0	0	6	58	68	14
g462	0	0	0	0	0	0
g463	0	0	0	0	0	0
g464	0	0	0	0	8	2
g465	2	20	15	309	25	43
g466	1948	1835	2100	1063	585	1233
g467	0	0	0	0	0	0
g468	0	0	0	0	0	0
g469	0	0	0	0	0	0
g470	0	0	0	0	0	0
g471	0	0	0	0	0	0
g472	0	0	0	2	0	0
g473	146	253	236	126	120	164
g474	887	1464	1116	975	585	779
g475	0	0	0	0	0	0
g476	0	0	0	0	0	0
g477	0	0	0	0	0	0
g478	0	0	0	2	0	0
g479	0	0	0	0	0	2
g480	0	0	0	0	0	0
g481	0	0	0	0	0	0
g482	0	0	0	0	0	0
g483	0	0	0	0	0	0
g484	0	0	0	0	0	0
g485	0	0	0	0	0	0
g486	0	0	0	0	0	0
g487	0	0	0	0	0	0
g488	0	0	0	0	0	0
g489	0	0	0	0	0	0
g490	0	0	0	0	0	0
g491	6	4	6	38	0	0
g492	0	0	0	0	0	0
g493	0	0	4	4	0	10
g494	1005	860	744	1079	1157	818
g495	0	0	0	0	0	0
g496	0	0	0	0	0	0
g497	0	0	0	0	0	0
g498	0	0	0	0	0	0
g499	0	0	0	0	0	0
g500	0	0	0	0	0	0
g501	0	0	0	0	0	0
g502	0	0	0	0	0	0
g503	0	0	0	0	0	0
g504	0	0	0	0	0	0
g505	0	0	0	0	0	0
g506	0	0	0	0	0	0
g507	0	0	0	0	0	0
g508	0	0	0	0	0	0
g509	700	810	558	778	726	674
g510	0	0	0	0	1	0
g511	0	0	0	0	0	0
g512	0	0	0	0	0	0
g513	0	0	0	0	0	0
g514	0	0	0	0	0	0
g515	0	0	0	0	0	2
g516	4	2	3	6	0	6
g517	1	12	2	7	0	10
g518	0	0	0	0	0	0
g519	0	0	0	0	0	0
g520	0	2	34	110	0	369
g521	0	0	0	0	0	0
g522	0	0	0	0	0	0
g523	0	0	0	0	0	0
g524	0	0	0	0	0	0
g525	1	55	65	8	10	17
g526	2652	12856	15187	3258	2060	2694
g527	1582	908	883	571	844	875
g528	16678	23274	27799	11083	8659	13507
g529	903	451	468	385	151	340
g530	0	0	0	0	0	0
g531	7737	3599	6583	12159	7475	12599
g532	1192	1527	1420	3181	2112	2896
g533	771	1249	1685	1351	1828	1896
g534	39	29	67	64	70	58
g535	937	1165	1095	310	468	502
g536	3704	882	1006	2542	3374	8085
g537	589	573	380	770	427	999
g538	1146	1238	1126	1334	604	1272
g539	0	0	0	0	0	0
g540	0	0	0	0	0	0
g541	0	0	4	0	0	0
g542	63	62	89	30	26	81
g543	190	227	233	84	135	161
g544	833	723	831	386	525	324
g545	678	1074	1152	515	435	816
g546	99	93	135	116	63	89
g547	0	0	0	3	0	0
g548	0	0	0	0	0	0
g549	0	0	0	0	0	0
g550	0	0	0	0	0	0
g551	10	11	9	30	10	33
g552	0	0	0	0	0	0
g553	0	0	0	0	0	0
g554	0	0	0	0	0	0
g555	1223	1939	1761	1479	756	1481
g556	994	1890	1457	190	459	484
g557	3	1	2	6	4	0
g558	0	0	0	0	0	0
g559	480	850	746	203	74	251
g560	476	438	584	410	178	556
g561	3224	4196	4286	1562	1498	2555
g562	1569	1647	1654	835	861	1579
g563	780	2427	1885	781	351	763
g564	0	0	0	0	0	0
g565	0	3	1	1	0	0
g566	1671	1913	1917	1645	638	1781
g567	898	509	733	731	276	939
g568	693	452	493	206	69	317
g569	892	426	564	272	82	310
g570	81	161	104	44	17	84
g571	271	265	283	629	400	488
g572	536	1262	1361	311	345	705
g573	361	769	808	437	315	622
g574	0	0	0	0	0	0
g575	0	0	0	0	0	0
g576	0	0	0	0	0	0
g577	366	522	514	246	127	656
g578	1040	1523	1648	772	442	1028
g579	40	42	64	28	4	47
g580	301	636	689	424	261	633
g581	3046	6732	8747	2993	1682	3423
g582	17	569	492	52	34	45
g583	5385	5390	6019	9300	9187	6868
g584	11	52	19	314	119	237
g585	3073	214	403	3618	4129	3672
g586	0	0	0	0	1	4
g587	0	0	0	0	0	0
g588	0	0	0	0	0	0
g589	122	232	114	150	65	209
g590	27	77	93	371	286	592
g591	39	283	192	65	58	330
g592	198	417	586	684	697	445
g593	13	38	58	382	644	221
g594	382	353	732	1182	649	502
g595	4	4	0	24	37	53
g596	248	257	203	177	69	315
g597	590	703	592	162	40	356
g598	139	182	135	99	12	141
g599	376	442	375	189	90	451
g600	1219	1217	1714	2024	1522	2420
g601	746	2974	3149	669	515	456
g602	113	525	638	67	43	58
g603	0	0	0	0	0	2
g604	116	83	168	308	269	191
g605	73	8	72	185	102	63
g606	863	918	930	916	495	854
g607	4047	3545	3588	43946	91626	45214
g608	0	0	0	0	0	0
g609	0	0	0	0	0	0
g610	0	0	0	3	0	0
g611	0	0	0	0	0	0
g612	1771	590	1249	4895	4899	3715
g613	0	0	0	39	33	2
g614	1876	2605	2888	1697	828	1693
g615	3629	2916	2731	2188	1600	3379
g616	0	0	4	4	0	0
g617	16	4	48	28	2	2
g618	0	0	0	0	0	0
g619	793	4783	3142	832	1314	2522
g620	203	200	194	21	46	53
g621	895	442	525	561	196	673
g622	119	24	71	62	29	85
g623	0	5	10	22	34	18
g624	8475	6231	9136	8935	7465	7690
g625	219	213	184	397	106	304
g626	468	328	397	141	77	257
g627	0	0	0	30	12	46
g628	596	742	690	712	459	957
g629	534	350	808	1116	501	800
g630	770	643	1152	2384	932	1767
g631	0	4	4	196	90	181
g632	232	422	403	238	170	183
g633	4	10	4	67	42	52
g634	0	14	22	30	10	77
g635	0	0	2	1	0	3
g636	2	6	16	0	0	12
g637	4	0	0	0	0	4
g638	187	400	392	7	6	53
g639	8	5	1	0	0	16
g640	316	791	697	82	118	171
g641	2489	385	658	242	50	1565
g642	0	0	0	0	0	0
g643	551	474	632	597	483	699
g644	1717	2488	2887	4383	4278	2414
g645	3700	7534	8399	7179	7036	5100
g646	30	963	592	28	8	49
g647	1	25	15	0	4	1
g648	493	1243	1095	258	191	500
g649	4	0	0	0	0	0
g650	2	12	8	0	0	6
g651	2	4	0	0	0	2
g652	532	287	224	99	56	195
g653	958	399	393	210	124	358
g654	982	936	1054	628	295	666
g655	238	255	300	207	137	431
g656	389	1768	1434	253	142	389
g657	1220	1760	3537	12533	14182	49625
g658	0	0	2	2	6	2
g659	12	22	22	6	25	12
g660	12	27	15	10	17	1
g661	88	263	254	97	135	158
g662	5	7	17	13	20	20
g663	0	0	0	1	0	0
g664	0	0	0	0	0	0
g665	1149	6947	9168	2615	1353	2037
g666	985	1191	1465	707	236	813
g667	227	428	492	76	40	197
g668	1001	895	1169	1688	1361	2264
g669	588	268	864	1577	1207	1283
g670	0	13	8	0	1	3
g671	17	47	47	16	14	58
g672	91	153	139	234	158	250
g673	8	3	3	14	9	10
g674	2234	515	890	2073	2147	1768
g675	86	12	42	105	86	99
g676	15329	4183	8119	8109	9257	8341
g677	29715	239	562	2282	1740	3911
g678	220	7	16	114	54	56
g679	36125	1557	2122	3172	3183	7648
g680	8357	941	2645	16756	42737	19689
g681	0	0	0	1	7	10
g682	5806	3129	3312	3690	3461	4666
g683	0	0	0	6	6	1
g684	6765	5485	8382	10941	10833	8070
g685	11	10	0	117	88	17
g686	704	910	877	1306	974	1721
g687	0	0	0	0	0	0
g688	1401	1588	1478	535	442	983
g689	436	347	343	119	171	198
g690	2316	5891	1995	1073	1690	812
g691	76	74	52	32	34	93
g692	164	106	105	63	24	82
g693	341	435	344	223	149	469
g694	97	118	87	108	32	125
g695	0	0	0	1	0	0
g696	17	61	40	24	17	9
g697	15	274	145	104	72	90
g698	6	27	21	6	1	5
g699	1715	17674	17468	2000	986	2046
g700	9	0	2	2	6	0
g701	1386	1377	1511	147	357	220
g702	1152	1844	2150	770	910	927
g703	70	141	194	39	27	54
g704	1972	5251	4862	1482	1204	2737
g705	283	238	380	184	71	343
g706	2	0	0	16	8	1
g707	624	1039	1138	4790	2578	5047
g708	16	30	22	127	101	212
g709	1061	1247	1114	1798	850	1543
g710	239	70	97	63	80	127
g711	2436	2428	2789	3912	2315	3926
g712	64	64	45	95	21	103
g713	897	1198	1082	1412	601	1381
g714	0	0	0	0	0	0
g715	0	0	0	0	0	0
g716	0	0	0	0	0	0
g717	0	0	0	0	0	0
g718	0	0	0	0	0	0
g719	135	277	402	747	577	513
g720	0	0	0	0	0	0
g721	1223	1947	2826	791	623	599
g722	1754	7600	7278	1295	611	1137
g723	0	0	0	0	4	0
g724	1500	2753	2593	2010	891	960
g725	1	2	0	0	0	0
g726	417	432	509	449	454	373
g727	17	12	11	61	49	23
g728	20	27	30	20	18	20
g729	0	0	0	14	13	2
g730	156	226	177	342	325	143
g731	3767	1441	3028	5637	4473	2502
g732	0	33	4	0	0	0
g733	0	9	0	0	0	0
g734	1078	1288	1186	1834	888	1559
g735	36	60	19	11	2	45
g736	1	10	4	4	0	11
g737	164	172	367	319	167	378
g738	0	0	0	0	0	0
g739	0	0	0	0	0	0
g740	3299	4488	3822	3950	1974	3511
g741	0	0	0	0	0	0
g742	2374	1639	1618	1399	1079	1341
g743	0	0	0	0	0	0
g744	0	0	0	0	0	0
g745	0	0	0	0	0	0
g746	1718	1586	1249	2288	813	2181
g747	524	368	514	397	176	635
g748	4	4	8	20	18	18
g749	602	709	699	644	789	649
g750	10	6	5	15	12	8
g751	94	1088	884	51	29	75
g752	112	144	225	206	87	264
g753	7	12	10	15	2	15
g754	0	0	0	0	0	0
g755	2061	1835	1985	2708	2263	2039
g756	42	71	102	146	53	217
g757	0	0	0	4	0	3
g758	240	181	297	222	120	347
g759	468	484	439	643	376	644
g760	182	151	247	446	166	425
g761	882	966	1351	2538	1427	2212
g762	72	565	136	82	26	0
g763	0	5	0	3	0	0
g764	0	2	0	0	0	0
g765	1	51	30	30	22	16
g766	1998	9525	9296	2345	1156	3540
g767	359	349	398	1490	1022	1204
g768	1227	1856	1435	2361	1616	1778
g769	1184	924	1764	2015	735	1772
g770	1269	1145	924	1337	1066	1676
g771	2456	1680	1636	946	1279	1616
g772	5354	5734	5033	3153	1162	3737
g773	445	242	635	395	243	230
g774	30270	21193	33959	31753	23057	29605
g775	930	675	671	1286	1471	1766
g776	2	0	6	0	0	0
g777	956	1657	1271	467	247	675
g778	236	666	600	109	43	183
g779	1338	2052	1623	1449	971	1946
g780	5	87	26	52	56	28
g781	0	0	0	0	0	0
g782	34	6	4	6	4	14
g783	2	7	4	14	1	19
g784	0	0	0	0	0	0
g785	6231	11042	13176	11557	8745	9910
g786	1735	1539	1353	4917	3398	3306
g787	731	486	487	62	53	234
g788	0	0	0	0	0	0
g789	323	1022	1375	319	107	256
g790	0	0	0	0	0	0
g791	23	35	71	16	16	46
g792	528	610	736	661	769	865
g793	1427	794	1223	477	331	289
g794	0	0	0	0	0	2
g795	57	64	51	2	24	71
g796	6	26	11	2	14	33
g797	0	0	0	6	0	0
g798	622	1988	2110	2780	5770	4854
g799	45	305	165	101	83	228
g800	60	132	94	18	44	70
g801	102	341	312	130	131	120
g802	0	0	0	0	0	0
g803	0	0	0	0	0	0
g804	0	0	0	0	0	0
g805	0	0	0	0	0	0
g806	0	0	0	0	0	0
g807	0	0	0	0	0	0
g808	1244	913	1140	1441	490	1355
g809	99	92	51	199	107	253
g810	3446	2860	3245	1528	1121	1857
g811	305	216	335	155	131	149
g812	0	0	0	0	0	0
g813	1392	2074	1692	1441	910	1580
g814	20	29	50	99	49	123
g815	1242	2328	2242	1376	381	2250
g816	833	34	57	154	449	275
g817	3797	94	196	692	138	245
g818	7456	348	743	4017	3608	3747
g819	6	8	2	100	62	42
g820	4	13	2	91	21	71
g821	1	12	7	61	20	32
g822	23	24	13	45	50	123
g823	2534	3615	3881	3609	1595	4226
g824	0	0	1	2	0	2
g825	0	0	0	0	0	0
g826	0	0	0	0	0	0
g827	0	0	0	0	0	0
g828	0	0	0	0	0	0
g829	0	0	0	0	0	0
g830	0	0	0	0	0	0
g831	0	0	0	0	0	0
g832	0	0	0	0	0	0
g833	0	0	0	0	0	0
g834	0	0	0	3	0	0
g835	0	0	0	0	0	0
g836	0	0	0	0	0	0
g837	0	0	0	0	0	0
g838	0	0	0	0	0	0
g839	0	0	0	0	0	0
g840	0	0	0	0	0	0
g841	0	0	0	0	0	0
g842	0	0	0	0	0	0
g843	0	0	0	0	0	0
g844	0	0	0	0	0	0
g845	0	0	0	0	0	0
g846	0	0	0	0	0	0
g847	0	0	0	0	0	0
g848	0	0	0	0	6	0
g849	0	0	0	0	0	0
g850	0	0	0	0	0	0
g851	0	0	0	0	0	0
g852	0	0	0	0	0	0
g853	0	0	0	0	0	0
g854	0	0	0	0	0	0
g855	0	0	0	0	0	0
g856	0	0	0	0	0	0
g857	0	0	0	0	0	0
g858	0	0	0	0	0	0
g859	0	0	0	0	0	0
g860	0	0	0	0	0	0
g861	53	119	79	70	29	82
g862	2133	3234	2620	3201	1433	3231
g863	805	1014	1031	1691	1526	1528
g864	55	36	67	114	90	67
g865	770	1362	2277	2048	1452	1402
g866	4	26	19	37	37	18
g867	64	87	37	249	100	156
g868	36	18	22	45	7	43
g869	318	354	308	214	74	307
g870	0	6	2	0	0	0
g871	91	141	94	17	10	97
g872	1795	1331	1052	598	259	1362
g873	151	123	169	485	476	357
g874	2131	1144	1380	5775	6166	4340
g875	0	0	0	6	11	16
g876	145	107	80	463	573	425
g877	1090	976	789	549	447	866
g878	150	287	242	120	61	228
g879	224	444	361	148	64	362
g880	3250	5170	4708	4787	2621	3694
g881	479	1969	1890	168	105	415
g882	1462	1136	1061	1224	434	1533
g883	550	837	875	1092	889	1513
g884	0	1	3	67	13	19
g885	3	6	8	201	338	0
g886	3229	3252	3417	6902	4360	4530
g887	28	16	35	111	24	35
g888	0	0	0	0	0	0
g889	0	0	0	0	0	0
g890	4	0	11	4	14	20
g891	12	55	21	0	4	11
g892	124	243	122	51	69	119
g893	23	33	48	4	9	9
g894	169	268	197	14	60	106
g895	0	0	0	0	0	0
g896	0	0	0	0	0	0
g897	0	0	0	0	0	0
g898	0	0	0	0	0	0
g899	0	0	0	0	0	0
g900	0	0	0	0	0	0
g901	0	0	0	0	0	0
g902	0	0	0	0	0	0
g903	0	0	0	0	0	0
g904	0	0	0	0	0	0
g905	0	0	0	0	0	0
g906	0	0	0	0	0	4
g907	0	0	0	0	0	0
g908	0	0	0	0	0	0
g909	0	0	0	0	0	0
g910	0	8	0	0	0	0
g911	0	0	0	0	0	0
g912	0	0	0	2	0	0
g913	0	0	0	0	0	0
g914	0	0	0	0	0	0
g915	0	0	0	0	0	0
g916	6097	5946	6007	4093	1615	5544
g917	0	0	0	0	0	0
g918	0	0	0	0	0	0
g919	0	0	0	0	0	0
g920	0	0	0	0	0	0
g921	0	0	0	0	0	0
g922	0	0	0	0	0	0
g923	0	0	0	0	0	0
g924	0	0	0	0	0	0
g925	0	0	0	0	0	0
g926	0	0	0	0	0	0
g927	0	0	0	0	0	0
g928	0	0	0	0	0	0
g929	0	0	0	0	0	0
g930	0	0	0	0	0	0
g931	0	0	0	0	0	0
g932	0	0	0	0	0	0
g933	0	0	0	0	0	0
g934	0	0	0	0	0	0
g935	0	0	0	0	0	0
g936	6	0	2	0	0	0
g937	0	0	0	0	0	0
g938	0	0	0	0	0	0
g939	0	0	0	0	0	0
g940	0	0	0	0	0	0
g941	0	0	0	0	0	0
g942	0	0	0	0	0	0
g943	0	0	0	0	0	0
g944	0	0	0	0	0	0
g945	0	0	0	0	0	0
g946	0	0	0	0	0	0
g947	0	0	0	0	0	0
g948	0	0	0	0	0	0
g949	0	0	0	0	0	0
g950	0	0	0	0	0	0
g951	256	371	440	1289	846	645
g952	85	90	86	308	251	146
g953	0	0	0	2	2	0
g954	31	24	68	302	266	122
g955	1150	1394	1800	2350	2295	2237
g956	5	21	16	157	101	53
g957	25	34	63	86	88	86
g958	2	0	2	2	1	1
g959	7	126	92	5	7	1
g960	38	418	273	33	29	14
g961	1027	804	809	123	80	345
g962	1	0	0	0	0	0
g963	0	0	0	0	0	0
g964	381	499	625	664	329	787
g965	0	0	0	0	0	0
g966	0	0	0	0	0	0
g967	0	0	0	0	0	0
g968	0	0	0	0	0	0
g969	0	0	0	0	0	0
g970	0	0	0	0	0	0
g971	1156	820	1058	514	247	854
g972	2	4	8	0	0	0
g973	9	4	12	38	12	50
g974	0	0	0	0	0	0
g975	0	0	0	0	0	0
g976	2080	3719	3965	595	490	1245
g977	13	55	24	11	5	18
g978	0	0	0	0	0	0
g979	46	19	27	5	0	14
g980	385	427	444	59	50	117
g981	19687	31022	31184	20290	26919	16479
g982	9368	15472	14282	46353	64855	59267
g983	8	5	2	40	45	63
g984	2199	1442	1695	2877	2313	2621
g985	0	0	0	0	0	0
g986	0	0	0	0	0	0
g987	44	60	81	152	99	114
g988	1787	2102	2030	1184	848	1449
g989	1583	848	1196	1961	1313	2193
g990	1	0	1	18	10	9
g991	2162	2636	2239	2483	2366	1830
g992	0	0	6	6	0	0
g993	747	545	647	381	262	417
g994	85	34	48	103	39	162
g995	292	408	419	163	37	389
g996	5154	3452	4635	3108	2152	3840
g997	3000	1569	1449	749	571	1065
g998	105	183	154	77	18	36
g999	2423	4627	3048	2226	1406	1500
g1000	0	0	0	0	0	0
g1001	0	0	0	0	0	0
g1002	0	0	0	0	0	0
g1003	110	82	151	193	84	176
g1004	1233	1152	1135	1981	1814	2257
g1005	1607	1887	1843	3149	2915	2176
g1006	260	264	335	420	209	313
g1007	0	0	0	0	0	0
g1008	47	12	9	54	16	28
g1009	617	638	457	699	409	683
g1010	792	954	909	224	187	480
g1011	0	0	0	0	0	3
g1012	1064	1439	1493	216	279	279
g1013	1238	1043	1089	2117	1467	1878
g1014	218	123	154	448	331	392
g1015	715	574	551	1744	1657	1541
g1016	1377	1709	2353	2817	1571	2510
g1017	698	939	760	1671	669	1911
g1018	0	0	0	4	1	0
g1019	49	50	61	211	147	225
g1020	1223	2092	1601	3840	3627	5018
g1021	358	340	419	654	273	840
g1022	4	6	8	10	0	0
g1023	632	518	818	525	247	475
g1024	1889	1748	2172	1732	1184	1532
g1025	152	268	191	62	87	157
g1026	2179	3859	4127	2000	3024	3359
g1027	6	2	30	0	0	10
g1028	0	0	0	0	0	0
g1029	2	16	8	0	0	24
g1030	95	184	78	1	6	2
g1031	10	12	6	2	0	2
g1032	0	2	0	0	0	0
g1033	1	0	4	0	0	0
g1034	0	0	0	0	0	0
g1035	0	2	0	0	0	0
g1036	0	0	0	0	0	0
g1037	0	0	0	0	0	0
g1038	308	227	178	123	120	187
g1039	389	472	408	325	230	542
g1040	682	858	880	456	281	546
g1041	16	39	34	48	33	14
g1042	156	3389	4092	610	1451	226
g1043	7	0	0	25	17	6
g1044	551	66	72	714	220	749
g1045	113	13	16	266	114	207
g1046	1238	1225	1410	934	350	1312
g1047	6987	2367	2484	2894	1619	2492
g1048	0	0	0	10	17	0
g1049	2206	976	1168	1060	821	748
g1050	0	0	0	0	0	0
g1051	223	196	163	2	43	62
g1052	0	0	0	0	0	0
g1053	0	0	0	0	0	0
g1054	0	0	0	0	0	0
g1055	694	382	300	418	176	994
g1056	3	4	3	8	26	28
g1057	1776	7471	6682	19419	13260	5945
g1058	805	954	1024	1537	1524	1259
g1059	18	8	27	7	0	2
g1060	810	1271	1101	580	294	984
g1061	6241	3706	5360	3668	3542	2863
g1062	0	0	0	42	44	6
g1063	18	26	39	6	6	24
g1064	416	490	435	174	200	203
g1065	0	32	14	2	0	8
g1066	0	0	0	0	0	0
g1067	28	2	10	2	6	1
g1068	6663	22715	25920	2951	4102	5730
g1069	2586	2513	2584	1483	1226	2255
g1070	0	0	0	0	0	0
g1071	816	701	891	441	289	852
g1072	16	2	3	18	2	22
g1073	180	311	219	363	362	476
g1074	12971	1314	1973	8607	7106	6888
g1075	0	0	0	0	0	0
g1076	4188	24240	23507	22072	28013	11694
g1077	0	3	5	2	0	4
g1078	0	0	0	0	0	0
g1079	0	2	0	0	0	0
g1080	751	1170	1593	1418	2655	1761
g1081	7640	39787	22485	26737	36201	21050
g1082	9310	5971	10209	684	1166	1641
g1083	29227	18105	18445	4830	5674	7646
g1084	2289	515	563	655	452	629
g1085	15616	2561	4069	5374	6617	5014
g1086	328	266	242	1928	2092	1084
g1087	784	982	1036	1125	468	920
g1088	1993	3424	3415	1792	1441	2340
g1089	0	0	0	0	0	0
g1090	954	245	254	336	299	564
g1091	2005	2210	2490	3274	2302	2453
g1092	395	563	722	541	503	446
g1093	0	0	0	0	0	0
g1094	0	0	0	0	0	0
g1095	85	70	68	59	60	125
g1096	594	497	703	755	1169	1344
g1097	133	85	153	104	42	84
g1098	344	213	228	273	213	264
g1099	1277	817	793	736	788	1074
g1100	186	176	173	280	187	239
g1101	85	126	92	201	58	133
g1102	421	329	254	214	54	198
g1103	560	640	689	539	248	865
g1104	0	0	0	0	0	0
g1105	588	777	755	365	299	533
g1106	136	83	102	102	26	71
g1107	1907	1108	1318	2667	1621	3257
g1108	1451	1452	1502	1780	1348	1257
g1109	2	6	1	6	2	8
g1110	55	148	105	372	172	175
g1111	881	1021	1003	829	429	1225
g1112	1009	1748	1284	490	309	751
g1113	0	0	0	0	0	0
g1114	1537	1982	2548	4994	3329	4434
g1115	2736	15841	21218	2172	1203	1785
g1116	77	85	71	351	247	216
g1117	166	204	264	201	100	176
g1118	1914	2052	2283	1559	823	1498
g1119	408	589	630	624	418	867
g1120	4101	3270	4613	5792	3251	7228
g1121	0	0	0	0	0	0
g1122	0	0	0	19	0	0
g1123	6	8	2	2	0	0
g1124	4	2	0	12	0	0
g1125	10	26	8	379	8	112
g1126	0	0	0	0	0	0
g1127	0	0	0	0	0	0
g1128	0	0	0	0	0	0
g1129	0	0	0	0	0	0
g1130	0	0	0	0	0	0
g1131	0	0	0	0	0	0
g1132	0	7	5	0	0	0
g1133	0	0	0	0	0	0
g1134	10	17	44	0	0	0
g1135	17	118	74	0	0	4
g1136	0	33	10	0	0	0
g1137	0	0	0	0	0	0
g1138	981	1614	1548	1605	1118	1324
g1139	83	144	134	98	157	142
g1140	377	457	910	115	85	163
g1141	0	0	0	0	0	0
g1142	0	0	0	0	0	0
g1143	0	0	0	0	0	0
g1144	0	0	0	0	0	0
g1145	977	821	838	2798	1195	1795
g1146	6145	6865	6681	13026	14513	10444
g1147	0	0	0	9	0	20
g1148	8418	7680	9065	16001	16435	10845
g1149	1010	994	1335	2333	1924	3063
g1150	2	0	4	51	31	100
g1151	1	0	0	0	0	0
g1152	0	0	0	0	0	0
g1153	0	0	0	0	0	0
g1154	514	777	663	378	168	659
g1155	983	1999	3351	1683	753	1995
g1156	166	742	1017	282	241	160
g1157	48	211	315	93	86	70
g1158	0	0	0	0	2	0
g1159	64	55	56	24	0	19
g1160	19	10	16	5	2	19
g1161	263	528	561	7	76	84
g1162	424	622	533	1006	559	1016
g1163	3396	6615	5615	1244	2898	2088
g1164	974	730	961	1948	1537	1989
g1165	2836	2930	2599	394	436	1198
g1166	0	0	0	0	0	0
g1167	0	0	0	0	0	0
g1168	13	2	10	6	1	2
g1169	0	0	2	0	0	0
g1170	0	0	0	0	0	0
g1171	19	13	10	7	2	12
g1172	75	88	243	36	21	37
g1173	0	0	0	6	0	2
g1174	2349	764	593	646	182	548
g1175	430	203	255	323	178	457
g1176	0	0	0	0	0	0
g1177	0	0	0	0	0	0
g1178	0	4	0	10	0	0
g1179	380	444	673	301	279	284
g1180	1899	3314	3174	1725	1282	1515
g1181	927	822	886	1418	873	1346
g1182	220	25	133	335	408	265
g1183	3345	689	1637	3533	4008	2829
g1184	0	0	0	8	2	0
g1185	0	0	0	0	0	3
g1186	26	10	0	43	22	47
g1187	8	7	2	37	4	8
g1188	276	361	247	238	98	283
g1189	100	103	109	66	4	113
g1190	6613	10567	9713	9925	10290	9477
g1191	2279	2165	2082	1400	1108	1930
g1192	1526	1488	2437	2306	1583	2155
g1193	0	0	0	2	2	0
g1194	570	372	451	314	274	388
g1195	300	694	634	1110	1451	1566
g1196	137	249	318	152	139	314
g1197	49	13	22	88	25	146
g1198	0	0	0	0	0	0
g1199	0	0	0	0	0	0
g1200	0	0	6	0	14	0
g1201	678	3530	1991	130	70	121
g1202	115	238	331	202	73	214
g1203	480	839	856	327	241	610
g1204	0	0	0	2	0	2
g1205	0	0	0	0	0	0
g1206	2	10	26	3	0	7
g1207	6	44	30	10	0	2
g1208	0	0	1	7	0	0
g1209	0	4	2	24	6	10
g1210	2302	12286	13279	2209	850	2498
g1211	3609	16917	16422	1011	1379	2803
g1212	232	577	687	20	13	71
g1213	2997	2035	2679	3724	2135	3183
g1214	11	0	5	43	21	45
g1215	0	0	4	2	2	0
g1216	0	0	6	5	0	1
g1217	618	467	1133	1579	697	1053
g1218	34	209	263	1087	361	929
g1219	706	244	914	840	803	610
g1220	21	7	26	81	67	36
g1221	3366	1816	2303	2672	2197	2421
g1222	1664	12297	13372	1108	1176	5134
g1223	0	0	0	0	0	0
g1224	0	0	0	0	0	1
g1225	0	0	0	4	4	8
g1226	4	0	0	6	12	12
g1227	3315	4700	5393	4228	2294	4065
g1228	1266	4947	5050	1045	596	849
g1229	0	0	4	30	0	2
g1230	2	6	14	6	2	2
g1231	2461	7097	6579	3367	3864	2699
g1232	243	827	503	262	376	235
g1233	1	0	4	0	0	0
g1234	439	493	562	966	1342	806
g1235	0	0	0	0	0	0
g1236	864	808	891	2272	1665	1796
g1237	87	73	133	197	162	192
g1238	2433	2370	2750	5352	3202	4094
g1239	483	1034	974	591	1384	1134
g1240	27	45	74	65	59	67
g1241	0	0	0	0	0	0
g1242	10	2	10	524	67	94
g1243	0	12	0	0	0	2
g1244	0	0	0	0	0	0
g1245	0	0	0	0	0	0
g1246	1403	3069	2600	1256	839	1322
g1247	693	677	610	552	302	552
g1248	1932	3086	2906	1355	935	2430
g1249	327	370	433	339	51	487
g1250	2773	8025	5771	11804	6245	5845
g1251	0	0	0	0	0	0
g1252	0	0	0	6	0	0
g1253	0	0	0	0	0	0
g1254	1141	1119	1228	1028	847	1050
g1255	0	0	0	21	0	1
g1256	0	0	0	0	0	0
g1257	0	0	0	0	0	12
g1258	87	53	68	160	148	124
g1259	77	67	102	134	126	154
g1260	26	42	29	57	14	30
g1261	1812	1718	1269	1700	657	1245
g1262	443	785	976	990	869	1220
g1263	390	804	431	962	1118	477
g1264	32	7	8	63	44	30
g1265	17	10	10	47	33	25
g1266	2	6	2	69	2	5
g1267	0	0	0	0	0	0
g1268	0	6	4	2	0	0
g1269	460	436	615	922	261	734
g1270	3455	4846	4793	7334	6880	5656
g1271	0	16	2	11	3	10
g1272	3731	5186	6200	1661	2563	3099
g1273	1426	1868	1907	1199	1051	2067
g1274	615	1361	2490	1101	1041	877
g1275	2484	4227	5660	3311	3311	2634
g1276	2	0	0	6	0	0
g1277	0	0	0	0	0	0
g1278	0	0	0	0	0	0
g1279	0	0	0	0	0	0
g1280	0	0	0	0	0	0
g1281	1217	1069	1103	364	154	567
g1282	16	0	4	4	2	0
g1283	207	60	77	381	367	275
g1284	4256	1447	1769	3994	4856	3469
g1285	606	1843	1573	1403	948	1440
g1286	0	0	0	4	0	0
g1287	0	0	1	0	0	2
g1288	51	119	89	149	46	122
g1289	1236	1471	1257	2563	1687	2128
g1290	1634	1672	1577	3651	2427	2834
g1291	1281	14248	10976	1867	1756	2749
g1292	7	3	11	4	4	0
g1293	0	0	0	0	0	0
g1294	2	2	4	6	0	17
g1295	400	466	759	1301	1768	1408
g1296	4328	5426	5519	5422	5680	4237
g1297	0	0	0	2	0	0
g1298	1472	2033	2155	2566	2122	2281
g1299	131	249	316	154	154	183
g1300	0	0	0	0	2	0
g1301	0	8	6	0	6	0
g1302	3	2	13	86	69	39
g1303	508	564	349	1070	874	729
g1304	102	44	12	10	169	4
g1305	3	10	0	9	4	13
g1306	95	59	92	50	21	89
g1307	142	146	108	82	14	153
g1308	10	18	6	12	0	26
g1309	19	18	11	34	0	46
g1310	216	182	125	64	86	214
g1311	88	177	86	96	44	68
g1312	0	0	0	4	0	0
g1313	1872	2382	3363	2811	938	2230
g1314	4107	6412	6545	6358	3003	5988
g1315	0	0	2	34	10	21
g1316	31	33	47	2	4	0
g1317	261	768	556	1392	430	540
g1318	1492	2775	2887	2263	1691	2012
g1319	789	1566	1498	1063	793	1076
g1320	0	2	0	9	0	4
g1321	190	256	158	85	50	168
g1322	1176	1188	913	1626	692	1638
g1323	399	306	310	187	107	359
g1324	68	49	50	55	18	89
g1325	35	28	11	28	36	64
g1326	0	0	0	0	0	2
g1327	38	44	48	11	3	21
g1328	21	68	62	17	13	41
g1329	2528	4076	3803	1327	675	3026
g1330	1581	2891	2811	2702	2771	2866
g1331	85	177	100	193	169	197
g1332	159	67	94	138	60	181
g1333	1634	859	900	507	402	417
g1334	1792	1336	1172	1082	633	1245
g1335	5	2	2	121	106	74
g1336	108	129	173	156	179	216
g1337	3608	1020	1526	2879	2330	2594
g1338	66	41	46	27	9	21
g1339	0	0	0	0	0	3
g1340	3772	2272	2111	7333	5414	5502
g1341	1988	2629	2311	5899	5154	4069
g1342	0	4	2	3	7	0
g1343	413	672	451	393	223	437
g1344	72	135	98	37	37	65
g1345	2642	3146	2494	1897	1221	2021
g1346	1035	1426	1234	1414	441	1992
g1347	636	404	453	159	74	272
g1348	862	1804	1221	751	613	839
g1349	375	1894	1156	383	220	591
g1350	227	1076	1068	335	170	241
g1351	569	503	538	180	158	377
g1352	780	927	926	579	491	987
g1353	917	580	450	893	339	790
g1354	627	435	649	530	194	646
g1355	5	7	30	13	0	0
g1356	2	3	5	0	0	0
g1357	360	212	392	968	717	523
g1358	14	30	10	253	143	138
g1359	0	0	0	0	0	0
g1360	13	6	37	430	515	790
g1361	417	318	337	1115	616	455
g1362	2009	3627	3146	3036	2119	2616
g1363	590	1302	1153	1139	704	716
g1364	0	0	0	0	0	0
g1365	0	0	0	0	0	0
g1366	0	1	4	0	0	0
g1367	85	296	209	31	29	89
g1368	1305	1266	1172	1448	330	1291
g1369	2185	2629	2145	2269	905	2508
g1370	10764	8372	11887	15461	15530	12333
g1371	58	122	77	1277	613	1366
g1372	0	0	0	0	0	0
g1373	0	0	0	0	0	0
g1374	0	0	0	0	0	0
g1375	0	0	0	0	0	0
g1376	0	0	0	0	0	0
g1377	0	0	0	0	0	0
g1378	0	0	0	0	0	0
g1379	0	0	0	0	0	0
g1380	0	0	0	0	0	0
g1381	0	0	0	0	0	0
g1382	0	0	0	0	0	0
g1383	0	0	0	0	0	0
g1384	0	0	0	0	0	0
g1385	0	0	0	0	0	0
g1386	0	0	0	0	0	0
g1387	0	0	0	0	0	0
g1388	0	0	0	0	0	0
g1389	0	0	0	0	0	0
g1390	10	38	40	5	18	32
g1391	4	0	0	0	0	5
g1392	0	0	6	18	4	4
g1393	2	18	12	4	6	0
g1394	0	0	0	0	0	0
g1395	0	0	0	0	0	0
g1396	0	0	0	0	0	0
g1397	0	0	0	0	0	0
g1398	0	0	0	0	0	0
g1399	0	0	0	0	0	0
g1400	0	0	0	0	0	0
g1401	0	0	0	4	0	0
g1402	0	0	0	0	0	0
g1403	0	0	0	0	0	0
g1404	0	0	0	0	0	0
g1405	0	0	0	0	0	0
g1406	0	0	2	0	0	0
g1407	0	0	0	13	4	0
g1408	0	0	1	0	0	0
g1409	0	0	0	0	0	0
g1410	0	0	0	0	0	0
g1411	0	0	0	0	0	0
g1412	0	0	0	0	0	0
g1413	0	0	0	0	0	0
g1414	0	0	0	0	0	0
g1415	0	0	0	0	0	0
g1416	0	0	0	0	0	0
g1417	0	0	0	0	0	0
g1418	0	0	0	0	0	0
g1419	0	0	0	0	0	0
g1420	0	0	0	0	0	0
g1421	0	0	0	0	0	0
g1422	4	0	0	0	0	0
g1423	0	0	0	0	0	0
g1424	0	0	0	0	0	0
g1425	0	0	0	0	0	0
g1426	0	0	0	0	0	0
g1427	0	0	0	0	2	0
g1428	0	0	0	0	0	0
g1429	0	0	0	0	0	0
g1430	3942	3119	7092	4916	3989	5415
g1431	4317	5076	5713	4936	4686	7389
g1432	4361	7011	7132	4721	3856	7710
g1433	0	6	0	0	0	0
g1434	0	0	7	0	0	0
g1435	0	0	0	2	0	2
g1436	0	2	0	2	0	0
g1437	4	4	11	4	2	4
g1438	1	2	5	7	3	1
g1439	0	0	0	0	0	0
g1440	0	0	0	0	0	0
g1441	49	84	48	84	24	69
g1442	0	0	0	0	0	0
g1443	0	0	0	0	0	0
g1444	0	0	0	0	0	0
g1445	0	0	0	0	0	0
g1446	0	0	0	0	0	0
g1447	0	0	0	0	0	0
g1448	0	0	0	0	0	0
g1449	0	0	0	0	0	0
g1450	0	0	0	0	0	0
g1451	0	0	0	0	0	0
g1452	0	0	0	0	0	0
g1453	0	0	0	0	0	0
g1454	0	0	0	0	0	0
g1455	0	0	0	0	0	0
g1456	0	0	0	0	0	0
g1457	0	0	0	0	0	0
g1458	0	0	0	0	0	0
g1459	0	0	0	0	0	0
g1460	0	0	0	0	0	0
g1461	0	0	0	0	0	0
g1462	0	0	0	0	0	0
g1463	0	0	0	0	0	0
g1464	0	0	0	0	0	0
g1465	0	0	0	0	0	2
g1466	0	0	0	0	0	0
g1467	0	0	0	0	0	0
g1468	0	0	0	0	0	0
g1469	0	0	0	0	0	0
g1470	0	0	0	0	0	0
g1471	0	0	0	0	0	0
g1472	0	0	0	0	0	0
g1473	0	0	0	0	0	0
g1474	0	0	0	2	0	0
g1475	6	0	5	25	34	10
g1476	0	0	0	0	0	0
g1477	0	0	0	0	0	0
g1478	0	0	0	0	2	0
g1479	1752	3155	4957	1443	1338	1775
g1480	123	42	100	135	217	76
g1481	1348	2021	2004	1727	1069	2346
g1482	1066	5686	5084	1279	1881	1136
g1483	0	0	0	0	3	0
g1484	0	0	0	0	0	1
g1485	587	709	661	1427	714	1531
g1486	2	15	22	2	0	18
g1487	2	0	0	1	21	5
g1488	653	586	501	422	311	545
g1489	4750	1716	1615	1223	1115	1474
g1490	111	37	38	27	12	37
g1491	1371	1529	1966	2038	1384	2352
g1492	1102	1216	1149	545	268	754
g1493	419	994	805	165	138	223
g1494	13	28	14	56	30	38
g1495	1502	1440	1227	1228	355	731
g1496	1631	1626	1722	3056	3151	3199
g1497	186	158	136	347	310	313
g1498	3516	2751	2442	1279	620	2037
g1499	2042	2196	2539	1590	858	1735
g1500	608	531	490	702	548	779
g1501	362	401	358	581	319	523
g1502	567	683	913	569	298	512
g1503	2	6	0	4	2	14
g1504	1515	1317	1376	2653	1573	2357
g1505	188	194	213	354	129	399
g1506	271	231	203	69	26	175
g1507	0	0	0	0	0	0
g1508	443	552	532	579	267	704
g1509	0	0	0	0	0	0
g1510	204	353	385	348	173	432
g1511	283	168	233	214	79	300
g1512	60	54	47	85	32	133
g1513	164	243	414	116	76	89
g1514	2646	3577	4208	1735	1190	1651
g1515	935	454	632	360	194	505
g1516	8385	4909	6326	1384	1097	3097
g1517	0	0	0	0	0	0
g1518	889	611	809	1588	577	1147
g1519	1893	1920	2251	1918	1372	2208
g1520	0	0	2	7	0	0
g1521	2	9	12	0	0	2
g1522	285	1819	2206	88	12	37
g1523	1101	1371	1752	1025	706	1436
g1524	1023	748	971	3174	875	3299
g1525	450	462	595	1098	595	1330
g1526	824	923	873	423	388	347
g1527	186	132	234	293	108	294
g1528	108458	85226	107043	136735	109736	324266
g1529	2	2	5	5	0	23
g1530	0	0	0	2	0	6
g1531	0	0	0	0	0	0
g1532	131	162	162	196	96	276
g1533	447	590	580	135	142	442
g1534	95	136	161	47	25	107
g1535	2058	1464	1190	477	157	823
g1536	390	269	186	125	88	148
g1537	327	305	247	445	145	475
g1538	313	345	327	394	181	512
g1539	0	0	0	0	0	3
g1540	2594	3038	2581	6535	2836	3857
g1541	455	470	454	406	367	1130
g1542	22	28	46	3	6	45
g1543	36	98	67	37	18	110
g1544	1166	2100	1752	763	752	1932
g1545	4	6	2	13	0	4
g1546	916	732	760	1225	565	1413
g1547	889	1073	993	616	275	923
g1548	400	1107	838	131	124	238
g1549	212	341	281	158	147	207
g1550	1313	3275	1797	1294	1039	1548
g1551	177	146	234	355	198	459
g1552	1	2	0	0	0	0
g1553	6615	1872	4297	7139	6868	5436
g1554	4	0	0	0	0	0
g1555	365	232	196	1255	1474	1087
g1556	346	1042	977	259	193	330
g1557	0	0	0	0	0	0
g1558	0	0	0	0	0	0
g1559	0	1	0	2	0	0
g1560	0	0	0	0	14	0
g1561	0	0	0	0	0	0
g1562	0	0	0	0	0	0
g1563	443	701	628	545	853	880
g1564	806	1159	1498	786	979	502
g1565	292	894	1786	1210	1027	523
g1566	23	62	50	111	76	103
g1567	56	66	58	24	48	59
g1568	0	0	0	0	0	0
g1569	1856	2628	1993	639	329	972
g1570	3	435	286	474	183	384
g1571	405	1647	1609	2830	2158	2069
g1572	4	0	6	0	0	0
g1573	566	575	1346	1893	1032	989
g1574	136	162	264	685	1328	750
g1575	22	44	61	28	143	93
g1576	406	660	777	492	79	524
g1577	321	807	579	160	367	314
g1578	133	144	138	397	324	356
g1579	1259	1220	1046	2017	1957	2045
g1580	512	973	542	190	126	457
g1581	2	2	10	0	10	0
g1582	308	1471	1524	139	114	413
g1583	0	0	1	0	0	0
g1584	3784	2288	2893	3099	3731	4442
g1585	0	0	0	0	0	0
g1586	36	16	32	5	0	1
g1587	576	381	712	64	42	270
g1588	318	1539	1527	118	62	106
g1589	4	0	6	0	0	1
g1590	15	98	40	37	7	52
g1591	28	13	23	27	15	95
g1592	1596	1769	1515	470	245	807
g1593	929	931	1047	283	129	523
g1594	8041	12589	9861	3692	6050	4965
g1595	77	348	305	0	10	19
g1596	196	219	268	403	120	468
g1597	962	764	809	950	569	1090
g1598	62852	10056	17060	17509	18541	29839
g1599	2092	1937	2078	2972	1642	2992
g1600	973	1530	1380	1152	1001	1164
g1601	0	0	0	0	0	6
g1602	1294	1934	1633	2605	3686	2045
g1603	615	475	481	831	1060	986
g1604	0	0	0	0	2	0
g1605	0	0	0	0	0	0
g1606	0	0	0	0	0	0
g1607	268	323	361	531	365	459
g1608	16	4	14	23	17	10
g1609	0	4	0	38	6	6
g1610	484	388	623	531	275	377
g1611	17	10	21	43	26	55
g1612	116	90	122	148	36	114
g1613	0	0	0	5	0	0
g1614	1294	813	2114	1279	503	1391
g1615	0	0	0	0	0	0
g1616	0	0	0	0	0	0
g1617	1165	838	1773	1159	306	1376
g1618	29	16	59	45	12	18
g1619	206	186	232	174	76	184
g1620	4	2	3	122	51	43
g1621	1904	2806	3112	977	412	762
g1622	78	119	119	45	32	36
g1623	0	0	0	0	0	0
g1624	1	5	1	1	4	0
g1625	0	0	0	0	0	0
g1626	0	0	0	0	0	0
g1627	17	35	9	38	21	89
g1628	176	941	749	405	302	222
g1629	2	33	8	30	21	10
g1630	824	1636	1406	1086	521	806
g1631	40	142	96	91	34	55
g1632	12	13	22	7	7	0
g1633	101	73	91	66	64	76
g1634	1760	1797	1857	1199	977	1654
g1635	101	102	131	1698	1514	1038
g1636	8	32	33	18	1	11
g1637	2	4	6	9	3	6
g1638	6264	2739	3883	7813	11831	6102
g1639	620	129	203	411	269	345
g1640	272	94	100	292	196	245
g1641	59	71	62	75	22	46
g1642	0	0	0	0	0	4
g1643	33	44	41	64	29	72
g1644	2304	2952	2618	6891	4423	5068
g1645	2	1	14	155	88	121
g1646	0	0	5	1	2	1
g1647	97	121	105	117	35	81
g1648	506	552	609	622	325	1016
g1649	1678	1327	1473	958	516	1285
g1650	987	501	433	350	84	639
g1651	386	352	329	242	103	371
g1652	316	351	396	580	296	461
g1653	616	342	427	174	121	391
g1654	657	401	478	121	64	389
g1655	141	157	155	64	74	86
g1656	4	2	0	0	0	0
g1657	318	344	326	589	371	567
g1658	212	443	356	56	107	27
g1659	0	7	5	0	0	0
g1660	1457	1232	1634	3345	1941	2262
g1661	0	0	4	15	6	2
g1662	0	0	0	0	1	0
g1663	6	4	2	105	63	288
g1664	0	2	9	30	10	10
g1665	0	1	5	94	66	175
g1666	10	0	18	169	56	1
g1667	0	0	0	2	0	0
g1668	0	0	0	3	0	0
g1669	2	0	0	46	50	165
g1670	0	20	9	121	32	37
g1671	0	0	0	0	0	0
g1672	0	0	0	1	0	0
g1673	0	0	0	10	0	0
g1674	4	0	0	2	0	0
g1675	0	0	0	0	0	0
g1676	0	0	0	0	0	0
g1677	0	0	0	0	0	0
g1678	0	0	0	0	0	0
g1679	0	0	2	0	0	0
g1680	0	0	0	0	0	0
g1681	0	0	0	0	0	0
g1682	0	0	0	0	0	0
g1683	0	0	8	0	0	0
g1684	0	0	0	0	0	0
g1685	0	0	0	0	0	0
g1686	0	0	0	0	0	0
g1687	0	0	0	0	0	0
g1688	0	0	0	0	0	0
g1689	0	0	0	0	0	0
g1690	0	0	0	0	0	0
g1691	0	0	0	0	0	0
g1692	0	0	0	0	0	0
g1693	0	0	0	0	0	0
g1694	0	0	0	0	0	0
g1695	10	0	2	4	2	0
g1696	1384	2322	1647	2611	2265	1754
g1697	503	428	374	675	519	725
g1698	0	0	0	0	0	0
g1699	4917	9302	6890	3653	1893	5191
g1700	0	0	0	0	0	0
g1701	0	0	0	0	0	0
g1702	0	0	0	0	0	0
g1703	0	0	0	0	0	0
g1704	0	0	0	0	0	0
g1705	0	0	0	0	0	0
g1706	0	0	0	0	0	0
g1707	0	0	0	0	0	0
g1708	0	0	0	0	0	0
g1709	0	0	0	0	0	0
g1710	0	0	0	0	0	0
g1711	474	801	626	546	450	411
g1712	25	42	45	49	34	43
g1713	1129	1713	2113	1670	1092	1908
g1714	49	803	174	147	95	135
g1715	610	13353	2947	765	623	786
g1716	2127	4220	2531	2263	2086	2107
g1717	9261	7545	7172	4064	2368	4500
g1718	10	1	12	9	16	27
g1719	12	0	0	0	0	0
g1720	23	32	48	17	20	7
g1721	46	143	93	21	24	21
g1722	14	55	37	8	4	1
g1723	816	756	586	1153	838	1465
g1724	1076	1188	1426	2495	1771	2320
g1725	0	28	22	8	4	16
g1726	4	0	2	4	2	10
g1727	2708	2217	1750	2056	1746	1699
g1728	0	0	0	0	0	0
g1729	0	0	0	0	0	0
g1730	15	25	27	1	2	1
g1731	136	405	341	76	30	133
g1732	0	8	1	5	0	6
g1733	28	175	109	34	2	40
g1734	572	644	1021	913	448	513
g1735	886	773	1696	1449	859	907
g1736	3	1	2	0	1	1
g1737	0	0	2	0	0	0
g1738	0	0	0	0	0	0
g1739	0	0	0	0	0	0
g1740	0	0	1	0	0	0
g1741	1169	3322	2352	167	152	389
g1742	7	2	9	26	6	10
g1743	1650	3040	3408	2064	925	2089
g1744	140	180	196	129	97	82
g1745	0	0	0	6	4	0
g1746	0	0	0	0	0	0
g1747	116	125	121	191	77	184
g1748	756	822	893	1368	804	947
g1749	1287	1338	996	270	110	362
g1750	867	651	762	355	224	690
g1751	1585	1321	1852	2596	1521	2231
g1752	143	128	143	240	161	215
g1753	1	0	0	6	0	3
g1754	0	0	0	0	0	0
g1755	0	0	0	0	0	0
g1756	0	0	0	0	0	0
g1757	0	0	0	0	0	0
g1758	1061	1375	1141	936	392	1728
g1759	60	286	107	139	117	214
g1760	514	747	437	459	257	781
g1761	6105	607	441	12842	10585	9989
g1762	5033	5651	5784	13843	13429	11937
g1763	1	1	0	0	0	2
g1764	627	888	693	922	868	771
g1765	2469	3465	3142	2073	1903	2369
g1766	0	0	0	0	0	0
g1767	0	0	0	0	0	0
g1768	42	220	275	0	0	0
g1769	1697	2509	2499	1195	519	1467
g1770	98	183	234	392	438	589
g1771	17	2	8	24	5	2
g1772	0	0	0	0	0	0
g1773	482	160	399	396	105	5
g1774	7	5	2	8	0	0
g1775	0	0	0	0	0	0
g1776	22	4	44	22	30	0
g1777	0	0	0	0	0	0
g1778	0	0	0	6	0	10
g1779	14	0	4	8	0	4
g1780	0	0	0	0	0	0
g1781	3	0	16	0	0	0
g1782	0	0	0	0	0	0
g1783	0	0	0	0	0	0
g1784	0	0	0	0	0	0
g1785	0	0	0	0	0	0
g1786	0	0	0	0	0	0
g1787	0	0	0	0	0	0
g1788	0	0	0	0	0	0
g1789	0	0	0	0	0	0
g1790	0	0	0	0	0	0
g1791	0	0	0	0	0	0
g1792	0	0	0	0	0	0
g1793	26	30	18	83	83	28
g1794	0	0	0	0	0	0
g1795	0	0	0	0	0	0
g1796	0	0	1	0	0	0
g1797	185	182	296	710	455	391
g1798	430	262	532	1250	1044	773
g1799	927	855	1233	3122	2420	2293
g1800	208	149	128	100	131	186
g1801	12	9	2	2	16	16
g1802	38	33	32	13	5	70
g1803	80	818	563	163	726	307
g1804	0	0	0	0	0	0
g1805	0	0	0	0	0	0
g1806	0	0	0	0	0	0
g1807	0	0	0	0	0	0
g1808	0	0	0	0	0	0
g1809	0	0	0	0	0	0
g1810	0	0	0	0	0	0
g1811	0	0	0	0	0	0
g1812	0	0	0	0	0	0
g1813	0	0	0	0	0	0
g1814	0	0	0	0	0	0
g1815	0	0	0	0	0	0
g1816	0	0	0	0	0	0
g1817	0	0	0	0	0	0
g1818	0	0	0	0	0	0
g1819	0	0	0	0	0	0
g1820	0	0	0	0	0	0
g1821	0	0	0	0	0	0
g1822	0	0	0	0	0	0
g1823	0	0	0	0	0	0
g1824	0	0	0	0	0	0
g1825	0	0	0	2	0	0
g1826	0	0	0	0	0	0
g1827	0	0	0	0	0	0
g1828	0	0	0	0	0	0
g1829	0	0	0	0	0	0
g1830	0	0	0	0	0	0
g1831	0	0	0	0	0	0
g1832	0	0	0	0	0	0
g1833	0	0	0	0	0	0
g1834	0	0	0	0	0	0
g1835	0	0	0	0	0	0
g1836	0	0	0	0	0	0
g1837	0	0	0	0	0	0
g1838	0	0	0	0	0	0
g1839	0	0	0	0	0	0
g1840	0	0	0	0	0	0
g1841	0	0	0	0	0	0
g1842	0	0	0	0	0	0
g1843	0	0	0	0	0	0
g1844	10	34	12	38	18	16
g1845	0	0	0	0	0	0
g1846	0	0	0	0	0	0
g1847	0	0	0	0	0	0
g1848	0	0	0	0	0	0
g1849	435	447	566	259	50	496
g1850	56	89	115	27	16	77
g1851	989	1127	1229	1536	1300	1166
g1852	0	0	0	0	0	0
g1853	0	2	0	0	0	0
g1854	0	2	0	0	0	0
g1855	1582	1069	1031	1497	1176	1591
g1856	24	38	26	57	33	118
g1857	628	847	501	190	226	203
g1858	61	20	39	16	47	26
g1859	2255	4547	4512	2081	2318	1245
g1860	2237	2573	2578	1930	1365	1380
g1861	0	4	0	0	0	3
g1862	0	0	0	0	0	0
g1863	309	714	405	38	102	157
g1864	48	44	82	6	5	14
g1865	6	16	0	6	16	2
g1866	1777	3194	3935	1226	276	1040
g1867	207	308	480	140	33	94
g1868	416	474	578	828	737	861
g1869	499	2198	1792	607	448	605
g1870	1252	12173	3519	665	924	987
g1871	0	0	0	0	0	0
g1872	943	1022	1331	1088	548	1346
g1873	38	67	52	38	16	56
g1874	0	0	0	0	0	0
g1875	567	575	678	872	453	1120
g1876	103	124	153	64	34	158
g1877	767	2848	4875	639	392	886
g1878	4	30	50	67	27	83
g1879	4	20	16	64	8	88
g1880	108	306	320	237	211	310
g1881	143	150	174	58	25	48
g1882	0	0	0	8	0	6
g1883	0	0	0	0	0	0
g1884	0	0	0	0	0	0
g1885	0	0	0	0	0	0
g1886	0	2	4	16	0	6
g1887	0	0	0	4	0	0
g1888	0	0	0	0	0	0
g1889	0	0	0	0	0	0
g1890	0	0	0	0	0	0
g1891	0	0	0	0	0	0
g1892	0	0	0	0	0	0
g1893	0	0	0	0	0	0
g1894	0	0	0	0	0	0
g1895	0	0	0	2	0	0
g1896	0	0	0	0	0	0
g1897	0	0	0	0	0	0
g1898	0	0	0	4	0	0
g1899	0	0	0	0	0	0
g1900	0	0	0	0	0	0
g1901	0	0	0	0	0	0
g1902	0	0	0	0	0	0
g1903	0	0	0	0	0	0
g1904	0	1	0	0	0	0
g1905	0	0	0	0	0	0
g1906	0	0	0	0	0	0
g1907	0	0	0	0	0	0
g1908	0	0	0	0	0	0
g1909	0	0	0	0	0	0
g1910	0	0	0	0	0	0
g1911	0	0	0	0	0	0
g1912	0	0	0	0	0	0
g1913	0	0	0	0	0	0
g1914	0	0	0	0	0	0
g1915	0	0	0	0	0	0
g1916	0	0	0	0	0	0
g1917	0	2	0	0	0	0
g1918	0	0	0	0	0	0
g1919	0	0	0	0	0	0
g1920	0	0	0	0	0	0
g1921	0	0	0	0	0	0
g1922	0	0	0	0	0	0
g1923	0	0	0	0	0	0
g1924	0	0	0	0	0	0
g1925	0	0	0	0	0	0
g1926	254	413	808	37	7	33
g1927	19	14	24	4	0	4
g1928	0	0	0	0	0	0
g1929	102	91	68	34	18	84
g1930	420	222	241	28	63	65
g1931	162	110	156	37	32	83
g1932	0	0	0	0	0	0
g1933	0	0	0	0	0	0
g1934	0	0	0	0	0	0
g1935	12	23	10	20	0	12
g1936	64	455	283	52	32	212
g1937	12	0	7	0	0	2
g1938	18	6	3	0	2	0
g1939	0	0	0	0	0	0
g1940	176	195	229	14	10	46
g1941	1333	1627	1488	5759	3194	4003
g1942	1211	928	979	994	544	1196
g1943	0	0	0	0	0	0
g1944	68	77	117	603	2455	707
g1945	6	15	36	54	21	25
g1946	212	129	418	530	440	423
g1947	528	258	526	1085	713	651
g1948	59	97	50	59	34	75
g1949	2	0	2	3	2	0
g1950	0	0	0	0	0	0
g1951	366	388	324	500	284	532
g1952	42	37	11	9	2	5
g1953	107	80	72	53	4	46
g1954	466	508	496	849	374	858
g1955	0	0	0	0	0	0
g1956	0	0	0	0	0	0
g1957	0	0	0	0	0	0
g1958	0	0	0	0	0	0
g1959	1523	2384	1914	96	90	215
g1960	142	342	336	239	121	75
g1961	26	65	60	51	42	5
g1962	9	13	12	18	0	14
g1963	1149	825	867	1759	1121	1981
g1964	833	1351	1064	1048	628	687
g1965	328	204	456	981	557	476
g1966	0	2	0	6	18	0
g1967	112	342	257	374	257	434
g1968	1325	1353	1357	1305	584	1867
g1969	560	818	812	638	379	805
g1970	1	0	0	0	0	0
g1971	0	0	0	0	0	0
g1972	0	0	0	0	0	0
g1973	0	0	0	0	0	0
g1974	0	0	0	0	0	0
g1975	0	0	0	0	0	0
g1976	0	0	0	0	0	0
g1977	0	0	0	0	0	0
g1978	0	0	0	0	0	0
g1979	0	0	0	0	0	0
g1980	0	0	0	0	0	0
g1981	0	0	0	0	0	0
g1982	0	0	0	0	0	0
g1983	0	0	0	0	0	0
g1984	0	0	0	0	0	0
g1985	0	0	0	0	0	0
g1986	0	0	0	0	0	0
g1987	0	0	0	0	0	0
g1988	0	0	0	0	0	0
g1989	0	0	0	0	0	0
g1990	0	0	0	0	0	0
g1991	0	0	0	0	0	0
g1992	0	0	0	0	0	0
g1993	0	0	0	0	0	0
g1994	0	0	0	0	0	0
g1995	0	0	0	0	0	0
g1996	0	0	0	0	0	0
g1997	0	0	0	0	0	0
g1998	0	0	0	0	0	0
g1999	0	0	0	0	0	0
g2000	0	0	0	0	0	0
g2001	0	0	0	0	0	0
g2002	0	0	0	0	0	0
g2003	978	1659	1383	1285	557	593
g2004	2	4	9	18	25	8
g2005	1599	1042	1155	558	245	622
g2006	715	259	404	576	452	496
g2007	5	0	1	2	0	0
g2008	138	156	203	32	17	48
g2009	1154	1624	1559	473	716	1433
g2010	3296	5331	5367	4029	4693	3033
g2011	20	6	8	123	115	111
g2012	595	997	1507	529	329	966
g2013	2499	2234	2368	2872	1593	2923
g2014	6	8	8	24	18	48
g2015	2	4	3	3	0	11
g2016	816	6811	9383	1044	752	1304
g2017	0	4	0	0	0	2
g2018	869	742	1027	167	144	209
g2019	653	762	632	103	54	140
g2020	0	3	4	13	0	0
g2021	16	10	34	7	2	10
g2022	709	504	1022	351	202	451
g2023	420	22103	19315	1020	3148	5024
g2024	2003	2209	2258	12011	24091	7470
g2025	93	41	27	1200	1790	932
g2026	7417	2568	3232	17321	46435	28960
g2027	490	115	191	1304	2222	1372
g2028	938	1056	887	519	464	839
g2029	0	0	0	0	0	0
g2030	0	0	0	0	0	0
g2031	0	0	0	0	0	0
g2032	7	12	0	0	0	0
g2033	5	33	10	0	0	12
g2034	546	2509	962	329	185	248
g2035	54	182	117	29	30	26
g2036	1	10	0	2	0	0
g2037	0	0	0	0	10	0
g2038	1351	1817	1612	1960	1274	2218
g2039	1841	2524	2357	1941	979	2219
g2040	312	256	187	295	80	141
g2041	0	0	0	0	0	0
g2042	1	0	0	0	0	8
g2043	4	0	0	3	1	10
g2044	129	18	18	13	22	60
g2045	28099	5210	8600	15386	12812	19323
g2046	0	2	1	3	14	3
g2047	89	26	37	466	629	325
g2048	948	819	870	873	428	990
g2049	200	137	243	861	454	670
g2050	0	0	0	0	0	0
g2051	322	301	435	908	546	816
g2052	749	878	877	1909	1291	1817
g2053	18	29	13	0	0	10
g2054	49	61	36	35	0	75
g2055	2936	667	789	1009	1197	1151
g2056	116	323	217	175	185	174
g2057	3142	7206	6454	6382	6058	3861
g2058	6	52	15	15	27	17
g2059	0	0	0	0	0	0
g2060	0	0	0	0	0	0
g2061	0	7	11	5	14	0
g2062	0	78	61	26	46	82
g2063	106	223	99	50	55	127
g2064	1237	1344	1420	1432	637	2023
g2065	1147	699	781	939	768	785
g2066	3	0	0	2	8	2
g2067	3377	3210	2935	3937	1923	3800
g2068	813	723	719	702	387	694
g2069	1249	419	436	1434	1129	1204
g2070	72	29	16	55	64	80
g2071	8521	6393	7572	19295	28647	10068
g2072	161	140	82	143	66	138
g2073	418	629	442	160	214	234
g2074	1334	1229	1102	1657	1417	2797
g2075	1190	3133	2243	820	545	808
g2076	5	24	1	0	11	7
g2077	98	78	57	103	149	62
g2078	140	101	48	263	147	121
g2079	121829	10189	25309	39960	42483	35495
g2080	138	241	127	238	65	299
g2081	137	245	274	1018	1119	453
g2082	82	93	85	664	629	375
g2083	719	813	924	1544	833	1798
g2084	0	0	0	1	2	0
g2085	12	17	28	33	19	37
g2086	9	13	12	3	1	0
g2087	47	87	67	102	27	113
g2088	0	0	0	0	0	0
g2089	0	0	0	0	0	0
g2090	0	0	0	0	0	0
g2091	0	0	0	6	0	6
g2092	0	0	0	0	0	0
g2093	0	0	0	0	0	0
g2094	0	0	0	0	0	0
g2095	0	0	0	0	0	0
g2096	0	0	0	0	0	0
g2097	0	0	0	2	0	0
g2098	0	0	0	0	0	0
g2099	0	0	0	0	0	0
g2100	0	0	0	0	0	0
g2101	0	0	0	0	0	0
g2102	0	0	0	0	0	0
g2103	0	0	0	0	0	0
g2104	1088	967	820	920	1072	1197
g2105	0	0	0	0	0	0
g2106	1007	1295	1709	2614	2556	2310
g2107	28	54	51	156	46	113
g2108	700	886	1063	1879	974	1855
g2109	3	2	2	24	22	3
g2110	2496	2220	2267	2416	1749	1704
g2111	0	0	0	0	0	0
g2112	0	0	0	0	0	8
g2113	0	0	0	0	0	6
g2114	0	2	0	0	0	0
g2115	0	0	0	0	0	0
g2116	829	537	498	651	279	1031
g2117	31	26	37	77	38	49
g2118	213	256	350	446	322	487
g2119	974	912	918	1352	764	1142
g2120	9	19	9	1	6	2
g2121	0	0	0	0	0	0
g2122	0	0	0	0	0	0
g2123	9342	1012	1345	9066	11558	4071
g2124	0	2	8	28	18	28
g2125	0	0	0	0	0	0
g2126	0	0	0	0	0	0
g2127	0	0	0	0	0	0
g2128	0	0	0	0	0	0
g2129	0	0	0	0	0	0
g2130	0	0	0	0	0	0
g2131	0	0	0	0	0	0
g2132	0	0	0	0	0	0
g2133	0	0	0	0	0	0
g2134	0	0	0	0	0	0
g2135	0	0	0	0	0	0
g2136	0	0	0	0	0	0
g2137	0	0	0	0	0	0
g2138	0	0	0	0	0	0
g2139	0	0	0	0	0	0
g2140	0	0	0	0	0	0
g2141	0	0	0	0	0	0
g2142	0	0	0	0	0	0
g2143	12	0	0	0	0	2
g2144	0	2	4	0	0	12
g2145	0	0	0	0	0	0
g2146	0	0	0	0	0	0
g2147	0	0	0	0	0	0
g2148	0	0	0	0	0	0
g2149	0	0	0	0	0	0
g2150	0	0	0	0	0	0
g2151	0	0	0	0	0	0
g2152	0	0	0	0	0	0
g2153	0	0	0	0	0	0
g2154	0	0	0	0	0	0
g2155	0	0	0	0	0	0
g2156	0	0	0	0	0	0
g2157	0	0	0	0	0	0
g2158	0	0	0	0	0	0
g2159	0	0	0	0	0	0
g2160	0	0	0	0	0	0
g2161	0	0	0	0	0	0
g2162	0	0	0	0	0	0
g2163	0	0	0	0	0	0
g2164	0	4	0	0	0	0
g2165	0	0	0	0	0	0
g2166	441	293	411	796	751	654
g2167	2307	1717	2095	4024	2017	3015
g2168	688	1687	924	268	90	309
g2169	1352	816	1125	2855	1602	2417
g2170	984	354	580	1607	790	1183
g2171	26	2	5	12	4	19
g2172	8	0	8	6	4	22
g2173	0	0	1	12	0	0
g2174	207	228	237	91	38	198
g2175	186	168	122	318	130	179
g2176	0	0	0	0	0	0
g2177	86	164	135	87	22	95
g2178	71	210	170	16	15	15
g2179	17	78	56	11	3	2
g2180	4945	5029	5512	10013	9308	7907
g2181	30578	7283	13596	23580	43872	19431
g2182	9845	2321	4619	6464	3511	5866
g2183	624	332	379	682	675	736
g2184	323	256	312	470	232	461
g2185	6	3	5	26	0	9
g2186	906	872	983	5032	2767	6442
g2187	246	638	478	208	132	275
g2188	1425	2297	2996	777	242	1414
g2189	0	0	0	0	0	4
g2190	0	0	2	0	0	0
g2191	0	0	0	0	0	0
g2192	0	0	0	0	0	0
g2193	5650	6752	6937	5553	3316	5610
g2194	0	0	2	3	0	6
g2195	526	192	239	192	162	415
g2196	216	93	166	123	71	251
g2197	587	599	635	330	83	679
g2198	251	235	195	137	63	129
g2199	0	0	0	0	0	0
g2200	497	514	588	248	353	300
g2201	719	442	433	318	143	382
g2202	221	187	352	422	108	537
g2203	183	270	276	104	98	181
g2204	1157	1795	2220	393	184	568
g2205	3883	6787	7637	2925	3294	3286
g2206	638	1273	1065	71	155	218
g2207	148	244	394	42	32	81
g2208	5099	5896	6136	5169	3755	5322
g2209	41	28	50	25	9	39
g2210	0	0	0	38	0	22
g2211	149	336	192	113	56	169
g2212	4	5	7	21	9	18
g2213	84	146	140	157	141	193
g2214	45	76	86	114	83	130
g2215	592	1675	1547	992	754	1003
g2216	0	1	2	5	0	6
g2217	1	3	6	17	4	28
g2218	476	2182	2194	726	618	1138
g2219	336	172	138	459	644	541
g2220	1853	1995	2107	1821	1078	1729
g2221	0	0	0	0	0	0
g2222	0	0	0	0	0	0
g2223	0	0	0	0	0	0
g2224	0	0	0	0	0	0
g2225	0	0	0	0	0	0
g2226	0	0	0	0	0	0
g2227	0	0	0	0	0	0
g2228	0	0	0	0	0	0
g2229	0	0	0	0	0	0
g2230	0	0	0	0	0	0
g2231	0	0	0	0	0	0
g2232	0	0	0	0	0	0
g2233	2	0	0	44	30	14
g2234	0	0	0	0	0	0
g2235	0	0	0	0	0	0
g2236	0	0	0	0	2	0
g2237	0	0	0	0	0	0
g2238	0	0	0	0	0	0
g2239	0	0	0	0	0	0
g2240	0	0	0	0	0	0
g2241	0	0	0	0	0	2
g2242	0	0	0	0	0	0
g2243	0	0	0	0	0	0
g2244	0	0	0	0	0	0
g2245	0	0	0	0	0	0
g2246	0	0	0	0	0	0
g2247	0	0	0	0	0	0
g2248	0	0	0	0	0	0
g2249	0	0	0	0	0	0
g2250	0	0	0	0	0	0
g2251	0	0	0	0	0	2
g2252	0	0	0	0	0	0
g2253	0	0	0	0	0	0
g2254	96	33	45	247	227	133
g2255	11	28	7	76	46	27
g2256	0	0	0	0	0	0
g2257	0	0	0	0	0	0
g2258	0	0	0	0	0	0
g2259	0	0	0	0	0	0
g2260	0	0	0	0	0	0
g2261	0	0	0	0	0	0
g2262	0	0	0	0	0	0
g2263	0	0	0	0	0	0
g2264	0	0	0	0	0	0
g2265	0	0	0	0	0	0
g2266	0	0	0	0	0	0
g2267	0	0	0	0	0	0
g2268	0	0	0	0	0	0
g2269	0	0	0	0	0	0
g2270	0	0	0	0	0	0
g2271	0	0	0	0	0	0
g2272	0	0	0	0	0	0
g2273	0	0	0	0	0	0
g2274	0	0	0	0	0	0
g2275	0	0	0	0	0	0
g2276	0	0	0	0	0	0
g2277	0	0	0	0	0	0
g2278	0	0	0	0	0	0
g2279	0	0	0	0	0	0
g2280	0	0	0	0	0	0
g2281	0	0	0	0	0	0
g2282	0	0	0	0	0	0
g2283	0	0	0	0	0	0
g2284	0	0	0	0	0	0
g2285	0	0	0	0	0	0
g2286	0	0	0	0	0	0
g2287	0	0	0	0	0	0
g2288	34	94	76	0	2	23
g2289	1051	3998	4268	272	141	651
g2290	59	36	60	37	34	96
g2291	378	2622	2683	2721	1315	3127
g2292	1725	1082	942	661	240	903
g2293	0	0	0	0	0	0
g2294	82	65	101	74	48	17
g2295	846	1239	1501	1197	1152	748
g2296	0	0	0	0	0	4
g2297	1861	1347	1429	2850	1650	2340
g2298	849	776	840	2235	1025	1495
g2299	0	0	0	18	2	7
g2300	1467	1255	1847	1227	899	2943
g2301	0	0	0	0	0	0
g2302	0	0	0	0	0	0
g2303	0	0	0	0	0	0
g2304	0	0	0	0	0	0
g2305	171	933	1965	64	84	68
g2306	34	215	183	6	0	3
g2307	0	1	0	4	0	0
g2308	462	499	638	470	179	536
g2309	2	27	25	35	6	25
g2310	0	0	0	2	0	0
g2311	0	0	0	0	0	0
g2312	408	1294	1050	665	586	156
g2313	949	1767	1113	534	604	628
g2314	7773	21688	16364	5933	5944	10863
g2315	0	0	2	0	0	0
g2316	59	26	29	4	48	22
g2317	12	17	34	0	22	3
g2318	0	0	0	0	0	0
g2319	0	0	0	0	0	1
g2320	0	0	0	0	0	0
g2321	0	0	0	0	0	0
g2322	0	0	0	0	0	0
g2323	0	0	0	0	0	0
g2324	0	8	0	4	0	0
g2325	0	0	0	0	0	1
g2326	7	52	39	25	1	50
g2327	0	0	0	0	0	0
g2328	0	0	0	0	0	0
g2329	588	760	945	1264	803	1063
g2330	1962	1756	1708	775	683	1072
g2331	0	0	2	15	0	19
g2332	10	10	0	33	12	56
g2333	52	16	25	72	78	47
g2334	3128	1559	1865	3989	2982	2420
g2335	677	1221	1043	1457	1171	1658
g2336	0	0	0	0	0	0
g2337	0	0	0	0	0	0
g2338	8	36	18	5	14	14
g2339	120	1191	671	8	0	14
g2340	2	53	58	0	0	0
g2341	364	442	420	48	27	111
g2342	1718	1767	1844	72	165	453
g2343	19	44	29	0	0	2
g2344	1707	1442	1641	1682	635	2455
g2345	70	44	54	38	32	93
g2346	162	387	228	66	66	109
g2347	0	0	0	0	0	0
g2348	81	572	706	238	361	323
g2349	132	215	284	227	232	224
g2350	727	987	1036	1095	960	1515
g2351	6	14	6	0	0	0
g2352	10180	7788	10526	16937	15659	11466
g2353	300	1151	1073	232	123	216
g2354	5	18	22	9	12	10
g2355	669	2096	3755	667	635	828
g2356	43	113	226	13	0	9
g2357	9957	1299	3074	7581	8861	5142
g2358	0	0	0	0	0	0
g2359	824	569	985	1144	397	1237
g2360	0	0	0	0	0	0
g2361	450	482	485	386	385	723
g2362	1316	517	479	504	381	440
g2363	0	0	0	0	0	6
g2364	0	0	0	0	0	0
g2365	80	47	36	8	5	44
g2366	0	0	0	3	0	4
g2367	4	6	6	9	0	18
g2368	1694	2883	2976	934	751	979
g2369	3	2	1	19	0	6
g2370	8	6	1	1	3	3
g2371	0	0	0	0	0	0
g2372	10809	4468	6534	5307	3397	3724
g2373	0	0	0	0	0	0
g2374	130	160	148	28	86	70
g2375	148	239	136	41	6	43
g2376	590	11333	2514	473	740	830
g2377	2	9	0	15	14	14
g2378	8	5	10	0	1	8
g2379	226	371	231	179	138	262
g2380	3	2	3	8	0	5
g2381	13	27	26	6	0	12
g2382	55	42	40	2	18	13
g2383	0	0	0	0	0	0
g2384	1984	2451	3137	3941	3324	2179
g2385	0	0	0	0	0	3
g2386	8	5	0	299	12	56
g2387	478	1761	1975	694	421	672
g2388	2266	2942	3130	1771	937	2680
g2389	0	8	0	4	0	0
g2390	1071	953	1369	1887	1184	1773
g2391	112	216	209	159	107	256
g2392	1	0	2	52	5	32
g2393	973	704	722	496	528	454
g2394	495	594	659	635	460	782
g2395	40	257	249	0	36	82
g2396	0	0	0	0	0	0
g2397	3088	8172	7210	935	1047	1171
g2398	3019	8367	6971	1229	1758	1362
g2399	620	468	528	394	210	729
g2400	220	189	203	85	38	258
g2401	0	32	55	2	0	3
g2402	113456	10607	23897	114504	165243	111416
g2403	64	183	161	432	462	459
g2404	0	0	0	0	0	0
g2405	5580	1805	1142	2177	1738	1484
g2406	1765	8237	8580	6255	5617	3431
g2407	206	596	492	400	599	445
g2408	323	558	435	394	305	623
g2409	17	105	82	22	39	55
g2410	358	1921	1448	406	499	618
g2411	345	297	241	206	236	234
g2412	4	19	6	12	1	4
g2413	121	232	97	162	27	119
g2414	34	24	13	10	4	37
g2415	226	523	307	4	24	105
g2416	3584	3130	2835	3017	1048	3326
g2417	0	4	0	22	8	19
g2418	5596	7914	7875	8656	6546	9023
g2419	121	150	242	214	151	161
g2420	804	1253	1317	1759	1320	1877
g2421	970	719	750	1484	3087	1925
g2422	755	867	846	310	242	471
g2423	488	524	483	374	178	421
g2424	4	28	18	12	0	6
g2425	12968	13929	14765	3883	3514	5346
g2426	1948	4582	6354	3872	3534	2334
g2427	339	924	1202	567	533	357
g2428	0	0	0	0	0	0
g2429	2	0	0	0	0	0
g2430	0	0	0	0	0	0
g2431	787	880	1735	4188	7076	4033
g2432	140	301	268	80	58	101
g2433	0	17	8	53	1	50
g2434	52	247	179	61	66	108
g2435	647	2649	2050	3221	2816	3155
g2436	754	854	867	491	131	618
g2437	21	41	15	11	3	22
g2438	1570	2265	1787	1758	1226	1882
g2439	420	326	303	139	75	429
g2440	2163	1354	1334	494	352	1134
g2441	0	0	0	18	4	0
g2442	701	291	183	1461	394	1836
g2443	0	0	0	0	0	0
g2444	424	1292	2335	140	45	197
g2445	81	253	252	17	2	18
g2446	1866	1152	1636	2450	2536	1766
g2447	358	384	519	415	259	806
g2448	91	274	194	109	60	94
g2449	413	290	248	750	446	873
g2450	30350	9350	10445	8633	9775	11891
g2451	0	1	1	2	0	0
g2452	28	40	42	82	41	70
g2453	4024	3285	3851	5501	5858	3765
g2454	15	29	12	228	42	445
g2455	1444	1872	1783	1419	667	1347
g2456	0	0	0	0	0	0
g2457	1074	1478	1416	1292	693	1453
g2458	212	198	343	310	297	285
g2459	10	5	4	6	16	5
g2460	49	148	269	59	24	78
g2461	215	480	464	117	209	80
g2462	0	0	0	0	0	0
g2463	0	0	0	0	0	0
g2464	0	0	0	0	0	0
g2465	8	9	17	18	20	74
g2466	297	425	333	661	504	555
g2467	24	44	90	133	121	59
g2468	3746	6700	13098	6512	7817	4488
g2469	656	1390	1856	841	612	884
g2470	33	73	90	77	27	64
g2471	0	0	0	0	2	0
g2472	0	0	0	0	0	0
g2473	0	0	0	0	0	0
g2474	6	29	79	93	67	26
g2475	254	965	982	589	464	453
g2476	2135	1951	2756	11269	22714	15279
g2477	2016	2637	2901	4301	5081	3792
g2478	271	326	453	337	256	279
g2479	0	0	0	0	0	0
g2480	38	26	0	12	0	21
g2481	360	322	324	259	193	655
g2482	39	43	37	36	30	65
g2483	0	0	0	0	0	0
g2484	400	328	495	999	691	602
g2485	88	114	63	139	95	78
g2486	32	70	27	18	43	30
g2487	9	7	12	7	2	7
g2488	0	2	7	3	0	14
g2489	2616	14658	17506	2980	2625	3628
g2490	838	1128	2113	530	627	725
g2491	621	989	1056	188	139	445
g2492	35162	4664	6869	8015	7367	19650
g2493	69961	30260	54335	51021	112049	57701
g2494	177	60	42	207	164	414
g2495	3464	357	615	1245	1603	1430
g2496	11039	7648	9756	3409	2731	4780
g2497	4	0	0	10	33	16
g2498	386	250	337	253	111	308
g2499	60	48	55	39	44	39
g2500	1699	2876	2995	3850	1453	3411
g2501	1141	599	549	229	147	490
g2502	766	1012	1396	2315	1525	1548
g2503	5864	3200	3161	2148	1377	3396
g2504	3061	498	429	1305	1230	915
g2505	30	4	14	7	6	38
g2506	5	10	8	33	40	8
g2507	3701	1834	3171	2521	886	98
g2508	252	68	229	130	38	10
g2509	0	0	0	4	2	0
g2510	666	1667	1319	2724	3009	2860
g2511	9	180	164	256	281	374
g2512	0	0	4	0	0	0
g2513	53	481	644	59	76	150
g2514	209445	37881	54733	57196	82392	56312
g2515	63	22	36	40	80	24
g2516	347	184	212	662	435	633
g2517	2071	1943	2799	2841	2905	3186
g2518	4132	3765	4655	1080	1280	1260
g2519	1219	710	990	1969	810	982
g2520	44	7	26	106	44	30
g2521	157	73	35	894	1148	339
g2522	10840	886	1135	11454	7723	15628
g2523	686	53	45	574	363	763
g2524	0	0	0	6	0	0
g2525	1182	520	1727	6109	3144	1830
g2526	0	8	3	0	2	0
g2527	0	0	6	10	8	12
g2528	1704	919	1590	3042	1422	1100
g2529	305	1346	1236	193	188	296
g2530	0	0	0	0	1	0
g2531	0	0	0	0	0	0
g2532	0	0	0	0	0	0
g2533	538	774	626	311	465	472
g2534	338	1198	1163	249	248	126
g2535	54	85	66	29	0	56
g2536	1796	1939	2222	769	372	1825
g2537	24	43	59	28	0	39
g2538	0	0	0	0	0	0
g2539	0	0	0	0	0	0
g2540	2411	1854	2011	5964	2763	3994
g2541	27	4	10	9	42	24
g2542	1	0	0	0	0	5
g2543	3116	2218	2198	1081	1683	1435
g2544	0	0	0	2	0	0
g2545	719	681	737	675	554	917
g2546	4955	2474	2896	826	416	739
g2547	0	0	0	0	0	2
g2548	0	0	0	0	0	0
g2549	201	131	91	90	8	128
g2550	0	0	0	0	0	0
g2551	303	178	166	290	146	287
g2552	618	692	372	210	177	183
g2553	84	37	69	8	2	30
g2554	173	321	246	206	111	316
g2555	0	0	0	1	0	0
g2556	1589	2169	2570	1451	324	2024
g2557	1554	834	1180	2085	1724	2148
g2558	2	0	0	0	0	0
g2559	17	16	26	33	18	10
g2560	928	739	1046	3273	2436	2628
g2561	22	20	34	9	21	22
g2562	457	536	598	102	119	250
g2563	0	0	0	0	0	0
g2564	3468	1392	1706	1271	1500	2090
g2565	1506	1430	1677	609	961	1085
g2566	3385	3762	2979	1436	1060	1642
g2567	33	36	41	8	4	21
g2568	660	2183	2194	1382	2180	3335
g2569	3	3	7	8	1	28
g2570	125	56	101	170	207	320
g2571	90	40	47	46	101	181
g2572	554	233	306	355	748	943
g2573	227	224	336	222	307	229
g2574	0	0	0	7	2	4
g2575	75	147	120	109	48	77
g2576	3200	6022	4477	3034	1207	3018
g2577	30	109	73	92	101	152
g2578	595	1614	732	686	1616	1235
g2579	1448	1485	1920	1245	985	1406
g2580	308	266	205	627	519	337
g2581	1857	1626	1841	3529	3297	2609
g2582	1256	3178	2796	423	226	1224
g2583	2	6	19	10	20	21
g2584	1403	2354	2272	3233	2162	3006
g2585	1234	14611	4063	3524	3259	4442
g2586	958	1174	1080	1207	632	905
g2587	6422	53445	45312	27546	41222	18831
g2588	49	88	47	46	24	85
g2589	1016	1643	1503	2994	2358	2525
g2590	777	1164	1239	339	192	468
g2591	125	336	310	54	7	130
g2592	0	0	0	0	0	0
g2593	7	2	1	1	2	0
g2594	16765	8990	12374	15062	14301	14488
g2595	26	93	56	18	0	0
g2596	0	9	5	0	0	0
g2597	129	357	181	79	36	207
g2598	330	466	414	329	249	319
g2599	72	53	37	239	179	128
g2600	217	231	161	411	222	347
g2601	2170	5454	8244	5059	3004	7275
g2602	0	0	0	0	0	1
g2603	918	2016	2281	314	85	525
g2604	32	64	84	10	4	55
g2605	0	0	1	2	0	8
g2606	17	17	29	19	22	50
g2607	181	218	221	145	23	291
g2608	1814	1165	1428	2971	1996	2550
g2609	4	24	16	80	44	43
g2610	711	2879	2569	504	678	967
g2611	14180	704	1087	3791	4149	4978
g2612	2806	4014	2867	5834	2530	6093
g2613	1310	1007	591	305	85	109
g2614	20	14	18	33	0	2
g2615	1026	1951	1468	1202	931	1407
g2616	361	239	226	127	77	188
g2617	517	280	207	159	75	193
g2618	424	835	713	359	379	261
g2619	1119	1214	1041	1781	1385	1770
g2620	0	6	2	19	9	3
g2621	99	252	181	224	85	104
g2622	4	35	20	6	8	31
g2623	977	1029	1123	389	261	563
g2624	878	1150	807	177	79	374
g2625	4	21	36	17	19	6
g2626	427	7232	4250	731	2360	1562
g2627	983	1468	1341	11669	15960	9305
g2628	1133	489	941	1387	1123	1294
g2629	676	622	581	408	279	388
g2630	148	127	100	72	30	84
g2631	847	1370	1660	333	517	848
g2632	0	0	0	12	0	4
g2633	718	1857	3213	820	361	779
g2634	1177	89	471	1401	559	807
g2635	0	0	0	0	0	0
g2636	5979	3488	2877	66	66	682
g2637	217	274	259	52	206	124
g2638	0	0	6	5	16	10
g2639	2000	855	744	1491	2595	2109
g2640	1571	2235	2666	2361	1869	2139
g2641	89	103	151	135	87	72
g2642	16	70	53	83	30	26
g2643	24	26	25	110	72	87
g2644	647	527	681	745	518	524
g2645	2393	1	10	190	440	621
g2646	7	10	8	24	1	0
g2647	2700	2	0	340	78	8
g2648	0	10	0	11	7	29
g2649	1373	1150	863	1072	848	1522
g2650	0	3	12	0	0	6
g2651	4	8	8	34	30	17
g2652	0	0	0	0	0	1
g2653	31	267	220	25	56	9
g2654	1160	771	1212	839	627	1233
g2655	568	1028	893	331	233	611
g2656	0	0	0	0	0	0
g2657	6	1	0	0	0	4
g2658	2331	1949	2363	2197	1680	3315
g2659	23	12	24	100	25	89
g2660	332	423	384	254	173	340
g2661	549	672	529	311	149	620
g2662	2672	2472	2243	5467	4088	2374
g2663	263	212	284	590	209	201
g2664	190	91	100	125	41	142
g2665	1206	1442	1526	225	222	486
g2666	508	557	1010	2283	2124	2986
g2667	200	219	256	381	236	178
g2668	2108	2397	2518	5512	4116	4651
g2669	239	768	780	542	358	383
g2670	828	3472	3094	1491	961	1445
g2671	0	0	0	0	0	0
g2672	422	413	607	247	109	229
g2673	414	530	464	182	162	179
g2674	1692	1054	816	595	232	497
g2675	12121	4332	5931	6168	7204	5820
g2676	9046	3429	4672	5867	6987	5190
g2677	0	0	0	0	0	1
g2678	21	12	13	5	0	27
g2679	20	15	20	11	0	16
g2680	340	593	458	215	128	377
g2681	56	196	250	5	8	32
g2682	0	0	0	0	0	0
g2683	917	765	665	800	1142	1113
g2684	76	123	65	151	146	195
g2685	61	20	18	11	10	32
g2686	0	0	0	0	0	0
g2687	41	5	9	30	21	26
g2688	0	0	0	2	0	0
g2689	759	390	918	215	246	183
g2690	164	70	152	18	36	21
g2691	0	0	1	0	0	0
g2692	0	0	0	0	0	0
g2693	0	0	0	0	0	0
g2694	0	0	0	0	0	0
g2695	0	0	0	0	0	0
g2696	0	6	4	0	0	0
g2697	0	0	0	0	0	0
g2698	0	0	0	0	0	0
g2699	0	0	0	0	0	0
g2700	0	0	0	4	0	4
g2701	33	13	26	21	25	52
g2702	24	8	35	96	72	82
g2703	10	20	15	87	37	19
g2704	46	36	109	119	141	156
g2705	279	202	249	327	117	157
g2706	0	0	0	1	0	0
g2707	466	233	525	952	539	659
g2708	0	0	0	0	0	0
g2709	0	0	0	0	0	0
g2710	0	0	0	0	0	0
g2711	0	0	0	0	0	0
g2712	0	0	0	0	0	0
g2713	0	0	0	0	0	0
g2714	0	0	0	0	0	0
g2715	0	0	0	0	0	0
g2716	0	0	0	0	0	0
g2717	33	88	99	70	41	62
g2718	68	83	177	46	25	14
g2719	21	68	43	102	47	86
g2720	181	252	242	251	134	209
g2721	3183	3925	4767	1697	2160	2922
g2722	943	1344	2157	533	296	467
g2723	2	10	11	6	1	5
g2724	0	0	0	0	6	0
g2725	0	0	0	0	0	0
g2726	0	0	0	0	0	0
g2727	0	0	0	0	0	0
g2728	0	0	0	0	0	0
g2729	0	0	0	0	0	0
g2730	0	0	0	0	0	0
g2731	0	0	0	0	0	0
g2732	0	0	0	0	0	0
g2733	0	0	0	0	0	0
g2734	0	0	0	0	0	0
g2735	0	0	0	0	0	0
g2736	0	0	0	0	0	0
g2737	0	0	0	0	0	0
g2738	0	0	0	0	0	0
g2739	0	0	0	0	0	0
g2740	0	0	0	0	0	0
g2741	0	0	0	0	0	0
g2742	0	0	0	0	0	0
g2743	0	0	0	0	0	0
g2744	0	0	0	4	0	0
g2745	0	0	0	0	0	0
g2746	0	0	0	6	0	0
g2747	0	0	0	0	0	0
g2748	0	0	0	0	0	0
g2749	0	0	0	0	0	0
g2750	0	0	0	0	0	0
g2751	0	0	0	0	0	0
g2752	0	0	0	0	0	0
g2753	0	0	0	0	0	0
g2754	0	0	0	0	0	0
g2755	0	0	0	0	0	0
g2756	1347	1617	1469	1878	1012	1679
g2757	299	231	242	152	112	416
g2758	80	83	43	72	28	27
g2759	0	0	0	0	0	0
g2760	0	0	0	0	0	0
g2761	0	4	0	0	0	0
g2762	0	0	0	0	0	0
g2763	20	26	21	91	36	68
g2764	0	3	3	25	2	20
g2765	703	655	515	1434	798	1328
g2766	0	0	0	0	0	1
g2767	0	0	0	0	0	0
g2768	0	6	0	0	0	0
g2769	17	10	28	34	55	36
g2770	0	0	0	0	0	0
g2771	8	7	1	29	0	20
g2772	1053	687	964	901	676	1048
g2773	1298	681	852	1322	1022	1007
g2774	324	200	211	522	368	333
g2775	0	0	0	0	0	0
g2776	0	0	0	0	0	0
g2777	0	0	0	0	0	0
g2778	0	0	0	0	0	0
g2779	0	0	0	0	0	0
g2780	0	0	0	0	0	0
g2781	0	0	0	0	0	0
g2782	6235	2704	2937	4681	5497	4327
g2783	246	493	343	1425	1383	1543
g2784	10	7	7	154	104	65
g2785	0	0	0	0	0	0
g2786	0	0	0	0	0	0
g2787	153	136	128	147	198	92
g2788	0	6	29	0	0	0
g2789	0	0	0	0	0	0
g2790	2838	890	1421	2125	1551	3398
g2791	0	0	0	0	0	0
g2792	660	879	1045	1687	1479	1786
g2793	400	1004	706	458	316	802
g2794	806	1492	1555	1163	1182	1947
g2795	283	375	335	3219	3572	3116
g2796	140	145	140	1234	1563	1228
g2797	3	4	0	0	0	0
g2798	1547	794	1765	364	196	496
g2799	4	19	13	2	2	12
g2800	492	112	192	91	46	140
g2801	1653	2630	2902	1079	1298	1456
g2802	40	98	67	23	20	52
g2803	610	1630	1651	393	524	1559
g2804	1106	781	1129	1199	1310	1068
g2805	1258	869	1169	956	1130	1195
g2806	17	20	5	33	55	42
g2807	0	0	0	0	0	0
g2808	0	0	0	0	0	0
g2809	0	0	0	0	0	0
g2810	0	0	0	0	0	0
g2811	0	0	0	0	0	0
g2812	3291	3827	3618	9338	10702	8262
g2813	15	10	5	26	33	23
g2814	27	7	20	3	5	3
g2815	127	238	224	165	139	157
g2816	116	124	116	192	115	196
g2817	678	3707	2909	1763	1579	1578
g2818	10	52	64	39	30	21
g2819	0	0	0	0	0	0
g2820	8125	5091	6643	7581	3851	8150
g2821	4	0	0	17	45	42
g2822	89	161	200	79	51	95
g2823	9	77	32	0	14	12
g2824	12	18	24	4	1	0
g2825	34	60	23	32	11	14
g2826	12	14	15	6	7	16
g2827	78	95	69	125	43	74
g2828	1219	864	1069	1162	591	765
g2829	65	48	99	88	74	78
g2830	0	0	0	0	0	0
g2831	0	0	0	0	0	0
g2832	0	0	0	0	0	0
g2833	4567	3152	2866	1878	1170	1748
g2834	1303	1387	1111	592	531	717
g2835	0	0	0	0	0	0
g2836	0	38	56	0	0	0
g2837	0	12	2	18	18	82
g2838	83	61	45	104	27	76
g2839	2139	2980	4384	2705	2845	3145
g2840	478	666	585	188	271	340
g2841	793	1026	1106	1734	1699	1397
g2842	1321	1425	1197	1844	1030	2285
g2843	492	403	410	292	112	553
g2844	319	203	508	305	279	594
g2845	1825	2529	3291	316	593	1058
g2846	2222	1842	3117	4487	3572	3540
g2847	43	26	28	149	50	105
g2848	703	492	376	673	387	519
g2849	297	970	1559	850	332	10384
g2850	1017	2784	2734	314	250	551
g2851	230	2119	1427	218	208	244
g2852	0	6	10	45	12	0
g2853	0	0	0	3	3	0
g2854	14	21	10	42	2	42
g2855	623	848	826	320	236	596
g2856	0	0	0	0	0	0
g2857	0	0	0	0	0	0
g2858	1012	559	704	492	394	630
g2859	4	4	13	5	0	0
g2860	2312	3830	3052	2020	821	2703
g2861	0	0	0	0	0	0
g2862	0	0	0	0	0	0
g2863	0	0	0	0	0	0
g2864	0	0	0	0	0	0
g2865	0	0	0	0	0	0
g2866	0	0	0	0	0	0
g2867	1248	1262	1302	1741	820	1441
g2868	3	6	11	4	0	0
g2869	485	398	629	983	648	925
g2870	1069	923	1177	1467	756	1621
g2871	24262	6302	9562	3644	3964	6694
g2872	2722	6608	7907	1337	857	1592
g2873	296	310	354	379	231	352
g2874	15	21	3	24	11	22
g2875	368	1503	2650	615	155	369
g2876	25	111	188	25	8	31
g2877	22	263	224	7	4	11
g2878	0	0	0	0	0	0
g2879	0	0	0	0	0	0
g2880	0	0	7	5	0	0
g2881	748	919	739	647	440	1407
g2882	1174	3504	5300	2298	980	1973
g2883	106	116	154	266	46	258
g2884	439	349	362	587	329	695
g2885	6	14	7	25	1	12
g2886	166	386	421	318	158	237
g2887	1572	1595	1341	1064	558	1367
g2888	1267	1395	1487	609	829	1367
g2889	0	0	0	0	0	0
g2890	94	336	358	336	259	165
g2891	9	8	7	7	16	7
g2892	559	488	555	646	492	800
g2893	376	246	346	180	50	133
g2894	323	275	280	329	227	488
g2895	11231	3666	5483	12196	20352	5680
g2896	0	0	0	0	0	0
g2897	0	0	0	0	0	0
g2898	3115	9001	3943	917	631	1419
g2899	4	16	25	16	3	3
g2900	1721	3141	2189	876	244	1256
g2901	779	704	652	804	446	1355
g2902	974	854	1106	857	435	1268
g2903	470	1189	1325	733	782	765
g2904	173	135	142	365	373	259
g2905	203	58	236	730	536	256
g2906	344	65	332	510	522	423
g2907	531	376	941	1603	1081	811
g2908	77	1793	1562	304	174	442
g2909	0	0	0	0	0	0
g2910	0	0	0	0	0	0
g2911	1789	1282	1172	520	225	480
g2912	34	24	39	8	1	2
g2913	83	193	120	288	80	470
g2914	323	340	628	48	11	61
g2915	0	0	0	0	0	0
g2916	1140	1038	821	1159	978	1189
g2917	1014	734	825	1287	544	1438
g2918	6249	1107	1489	2561	3687	3822
g2919	2032	1923	1449	2353	1506	2134
g2920	533	994	776	626	345	759
g2921	319	273	321	102	16	236
g2922	0	0	0	0	0	0
g2923	1099	1166	1248	1474	1498	1315
g2924	169	143	181	130	139	148
g2925	1233	1894	1630	854	804	714
g2926	820	1328	970	369	142	296
g2927	21	10	92	28	9	28
g2928	314	504	577	139	166	240
g2929	0	0	0	0	0	0
g2930	0	0	0	0	0	0
g2931	2	0	2	0	0	0
g2932	0	0	0	0	0	0
g2933	0	5	0	0	0	0
g2934	0	0	0	0	0	0
g2935	1246	1826	2228	2164	1535	2475
g2936	528	727	917	880	729	790
g2937	0	0	0	1	0	0
g2938	0	0	2	0	0	0
g2939	0	0	0	0	0	0
g2940	1768	316	229	1070	726	836
g2941	130	37	41	177	57	135
g2942	237	191	173	486	203	327
g2943	1957	1648	1345	1448	701	2036
g2944	56	31	29	44	14	41
g2945	1140	1555	1474	931	743	1273
g2946	34	26	34	102	40	149
g2947	0	0	0	0	0	10
g2948	3022	2330	1378	3757	4421	5384
g2949	0	0	2	0	0	0
g2950	0	0	0	0	0	0
g2951	0	0	4	3	14	0
g2952	0	0	0	0	0	0
g2953	0	0	0	0	0	0
g2954	0	0	2	16	2	10
g2955	36	19	55	118	94	228
g2956	1050	544	651	263	100	553
g2957	1479	1112	1264	700	529	1093
g2958	479	487	446	966	701	816
g2959	0	0	0	0	0	0
g2960	0	0	0	0	0	0
g2961	0	0	0	0	0	0
g2962	4	28	31	20	6	20
g2963	1	1	2	13	2	24
g2964	5295	4239	5045	11877	9432	10313
g2965	754	2422	2493	1073	797	1280
g2966	127	98	167	204	125	194
g2967	1114	2422	1851	1474	1510	737
g2968	3	20	18	60	27	26
g2969	18	124	182	127	192	157
g2970	534	11107	7636	3871	5858	4904
g2971	184	1622	1461	404	704	480
g2972	320	280	366	522	330	486
g2973	1034	1972	2316	4972	3020	8278
g2974	549	481	592	1060	785	1105
g2975	1032	1388	1297	3205	1942	2013
g2976	57	305	129	53	36	96
g2977	0	0	0	2	0	0
g2978	426	673	573	296	169	438
g2979	2	30	34	12	34	6
g2980	1068	1234	1294	2223	997	2529
g2981	0	0	0	0	0	0
g2982	357	297	362	179	253	282
g2983	0	0	0	0	0	0
g2984	0	0	0	0	0	0
g2985	0	0	0	0	0	0
g2986	0	0	0	0	0	0
g2987	0	0	0	0	0	0
g2988	0	0	0	0	0	0
g2989	0	0	0	0	0	0
g2990	0	0	0	0	0	0
g2991	0	0	0	0	0	0
g2992	0	0	0	0	0	0
g2993	0	0	0	0	0	0
g2994	0	0	0	0	0	0
g2995	0	0	0	0	0	0
g2996	0	0	0	0	0	0
g2997	0	0	0	0	0	0
g2998	0	0	0	0	0	0
g2999	468	459	507	318	148	658
g3000	34	51	44	91	32	133
g3001	31	105	30	49	8	58
g3002	0	0	0	6	0	0
g3003	213	273	238	343	165	470
g3004	937	633	617	1087	333	1426
g3005	2763	2517	2431	1918	828	1965
g3006	448	250	234	62	21	160
g3007	166	523	287	139	56	201
g3008	1055	1583	1382	1243	1051	2058
g3009	715	903	798	522	290	858
g3010	49	1	1	227	132	183
g3011	4120	2674	3152	6353	4675	6494
g3012	7506	4955	6346	4973	2949	5786
g3013	0	0	0	0	0	0
g3014	0	0	0	0	0	0
g3015	0	5	0	2	3	0
g3016	367	432	331	356	421	725
g3017	2	0	0	8	0	11
g3018	88	170	184	29	42	47
g3019	607	1888	1832	424	533	784
g3020	99	97	121	71	49	52
g3021	0	0	0	0	0	0
g3022	0	0	0	0	0	0
g3023	3136	3662	3425	4327	2608	3176
g3024	2	17	13	0	0	0
g3025	11	132	159	12	0	2
g3026	90	1371	1260	61	82	251
g3027	0	0	0	0	0	0
g3028	0	0	0	0	0	0
g3029	1354	1373	1179	553	331	847
g3030	64	62	65	232	134	136
g3031	777	420	788	2023	1343	1135
g3032	724	552	779	737	673	507
g3033	1207	522	926	8	6	23
g3034	26	55	58	33	8	38
g3035	2	1	2	0	0	0
g3036	305	260	333	522	578	286
g3037	1321	1383	1725	2383	2549	1147
g3038	4508	3715	4470	3202	1622	4287
g3039	41	31	15	62	43	34
g3040	896	1091	993	790	444	1104
g3041	30	24	61	0	0	0
g3042	686	856	1230	2309	1792	1647
g3043	1514	1692	1723	1588	789	2085
g3044	201	237	359	239	154	324
g3045	0	10	2	15	6	2
g3046	0	112	100	328	86	217
g3047	0	0	0	0	0	0
g3048	0	0	0	2	0	0
g3049	0	0	0	0	0	0
g3050	6	16	4	24	16	33
g3051	66	464	425	116	85	163
g3052	583	517	502	137	81	295
g3053	101	118	109	43	22	54
g3054	632	618	672	292	147	526
g3055	292	348	457	511	307	577
g3056	1186	739	797	994	512	1039
g3057	0	0	0	4	0	6
g3058	145	89	166	244	152	177
g3059	233	192	230	518	364	383
g3060	71	77	73	8	0	7
g3061	547	1039	731	97	37	131
g3062	0	4	0	21	0	6
g3063	74	76	94	33	49	62
g3064	781	669	618	506	271	482
g3065	0	0	0	5	0	3
g3066	2363	3996	4127	8540	7184	5008
g3067	0	0	0	32	11	0
g3068	0	0	0	0	0	0
g3069	766	8309	9799	772	541	912
g3070	0	22	18	94	6	42
g3071	3479	2700	3518	840	840	1155
g3072	703	676	672	1639	1341	1550
g3073	672	394	667	299	167	610
g3074	16	26	35	140	121	153
g3075	88	1280	1516	114	20	65
g3076	315	512	416	258	179	330
g3077	25	83	34	26	26	22
g3078	0	0	0	0	0	0
g3079	0	0	0	0	0	0
g3080	29	33	59	49	29	38
g3081	296	348	272	397	217	492
g3082	9	10	25	21	0	8
g3083	129	216	188	214	110	285
g3084	2806	2465	2317	1139	744	1657
g3085	2438	220	397	2131	3333	1929
g3086	224	119	73	93	24	68
g3087	0	7	4	37	8	11
g3088	0	2	3	0	0	2
g3089	1	0	0	2	0	3
g3090	0	0	0	0	0	0
g3091	0	2	0	0	0	0
g3092	2	10	5	18	8	60
g3093	134	116	142	277	137	500
g3094	1	2	0	80	52	75
g3095	234	48	44	152	326	117
g3096	2552	1037	1364	2705	4633	1968
g3097	193	1406	922	627	798	478
g3098	2129	21013	12917	2330	3807	2009
g3099	600	1345	1280	918	522	1097
g3100	362	683	717	289	286	340
g3101	1097	632	675	212	163	391
g3102	86	17	37	50	51	63
g3103	804	985	689	1417	857	1194
g3104	1086	1453	1489	3064	5030	5535
g3105	51	1281	1100	3409	1757	1942
g3106	3808	1729	2844	7771	8157	5816
g3107	61	38	52	480	460	282
g3108	13854	1286	2179	4356	2504	3150
g3109	446	725	618	740	341	867
g3110	172	294	205	211	135	352
g3111	5003	3362	4457	7622	7966	5459
g3112	988	1018	849	967	374	1143
g3113	0	0	0	0	0	0
g3114	2459	1661	1731	1471	825	2183
g3115	67	57	7	238	94	230
g3116	13	8	12	120	20	78
g3117	622	703	586	1370	1116	1275
g3118	7195	5929	8511	13150	12431	9470
g3119	1377	1341	1563	1441	1154	1648
g3120	155	128	229	57	80	154
g3121	26069	27706	32260	9998	9076	28072
g3122	1	2	0	27	3	6
g3123	2885	4138	5563	558	319	755
g3124	0	0	0	0	0	0
g3125	19	16	25	2	0	6
g3126	414	450	955	26	3	80
g3127	9	19	34	44	48	35
g3128	2559	1878	1973	2191	1126	2345
g3129	299	146	208	229	155	435
g3130	10	17	5	74	62	55
g3131	396	469	476	1564	1609	990
g3132	0	0	0	0	0	0
g3133	21	4	18	1	35	10
g3134	0	0	0	0	0	0
g3135	0	0	0	0	0	0
g3136	0	170	88	0	0	0
g3137	0	15	2	0	0	0
g3138	0	0	0	0	0	0
g3139	42	52	96	167	88	179
g3140	83	172	259	365	135	519
g3141	185	421	328	708	474	987
g3142	444	416	525	1484	1405	1530
g3143	4	8	10	18	21	77
g3144	533	684	786	455	344	827
g3145	68	76	85	69	40	70
g3146	886	868	696	939	822	1337
g3147	0	4	0	0	0	0
g3148	928	920	827	1639	1152	1561
g3149	635	508	783	560	430	653
g3150	132	188	166	351	312	270
g3151	297	1528	1131	4222	3358	2014
g3152	268	350	276	1465	824	1264
g3153	1118	619	788	1162	454	1030
g3154	5797	4956	5958	8483	8383	6425
g3155	1559	1853	1491	802	304	1306
g3156	3333	2186	2524	3537	2664	4015
g3157	0	0	0	0	0	4
g3158	2530	2122	1847	3556	1492	5320
g3159	5221	4548	5193	3463	5337	3705
g3160	3950	1050	1774	3026	10232	3962
g3161	13	14	11	84	2	175
g3162	0	0	0	0	0	0
g3163	0	0	0	0	0	0
g3164	0	0	0	0	0	0
g3165	180	116	123	98	95	73
g3166	338	195	188	92	108	114
g3167	180	693	511	337	167	398
g3168	287	319	158	289	243	340
g3169	137	45	31	70	483	280
g3170	2	0	2	0	0	4
g3171	7	47	25	0	8	6
g3172	44	49	41	41	21	60
g3173	2027	1942	1959	1783	794	2278
g3174	3743	3585	4086	4240	2656	3912
g3175	27	62	36	107	19	64
g3176	2296	12220	12486	2784	2554	2974
g3177	0	2	7	0	0	0
g3178	1189	1443	2177	2161	1603	2440
g3179	4	97	45	10	8	9
g3180	0	168	51	0	0	0
g3181	1118	7515	4604	3034	3833	2381
g3182	700	811	872	411	248	638
g3183	1442	1557	1644	2061	1955	1683
g3184	142	268	168	543	326	275
g3185	0	0	0	0	0	0
g3186	1432	2069	1338	1785	531	1602
g3187	0	2	6	0	0	0
g3188	52	96	141	25	34	27
g3189	4508	5960	7605	5322	2743	4978
g3190	170	252	340	263	94	183
g3191	436	382	438	520	429	789
g3192	0	2	0	0	0	0
g3193	0	0	1	0	0	0
g3194	43	12	41	2	6	16
g3195	4835	4990	6163	2619	1682	2043
g3196	0	0	0	0	0	0
g3197	0	0	0	0	0	0
g3198	24	80	67	59	18	62
g3199	9	43	48	108	4	33
g3200	33	105	62	69	20	104
g3201	790	988	1253	1347	2150	987
g3202	0	0	0	0	0	0
g3203	0	0	0	0	0	0
g3204	196	224	301	323	206	234
g3205	11	21	10	55	35	38
g3206	0	0	6	2	2	12
g3207	0	0	4	0	0	0
g3208	0	0	0	0	0	0
g3209	1882	2175	2059	390	384	511
g3210	708	631	501	3202	1456	2187
g3211	1622	2231	2356	2659	1369	2299
g3212	95	48	70	145	62	142
g3213	1033	817	1036	1667	787	1463
g3214	371	160	131	49	18	69
g3215	3281	844	905	369	199	790
g3216	0	6	3	2	6	4
g3217	153	409	264	113	261	249
g3218	3588	3860	3650	2483	905	2669
g3219	7	11	11	16	0	12
g3220	2777	3180	4063	2161	929	3352
g3221	20	55	55	1	3	21
g3222	995	1194	1025	1355	742	1204
g3223	3912	3494	3071	4678	3028	3965
g3224	705	652	672	689	491	958
g3225	42	22	36	68	10	21
g3226	1444	1778	2011	2737	2469	2629
g3227	1028	1713	2293	4773	7183	2345
g3228	137	119	124	499	116	567
g3229	288	270	213	371	361	365
g3230	77	82	52	17	41	46
g3231	634	902	876	238	105	161
g3232	0	0	0	0	0	0
g3233	0	0	0	0	0	0
g3234	0	0	0	0	0	0
g3235	0	4	2	0	4	0
g3236	0	0	1	0	0	2
g3237	216	155	102	115	39	177
g3238	3282	2534	2644	4766	4010	5828
g3239	5	0	1	3	6	8
g3240	108	364	292	127	101	222
g3241	121	96	115	234	59	110
g3242	1256	1358	1581	1497	1433	1908
g3243	521	596	618	347	742	756
g3244	41	207	166	61	96	64
g3245	10836	9839	13405	19721	21502	15430
g3246	4	7	0	74	42	69
g3247	0	0	0	0	0	0
g3248	0	0	0	0	0	0
g3249	534	84	167	362	271	229
g3250	5667	3080	2380	3861	2965	3436
g3251	0	0	0	2	2	0
g3252	533	889	798	231	124	166
g3253	0	0	0	0	0	0
g3254	153	134	104	87	32	45
g3255	658	495	542	109	198	254
g3256	581	611	428	305	237	489
g3257	5835	1324	1775	3040	2909	4022
g3258	924	860	1284	1414	1021	1875
g3259	11477	1276	1210	5648	11515	5532
g3260	758	612	678	413	279	645
g3261	107	64	54	304	221	225
g3262	0	0	2	0	0	0
g3263	0	0	0	0	0	0
g3264	10	6	0	6	0	0
g3265	0	0	0	0	0	0
g3266	0	0	0	0	0	0
g3267	2708	1526	1704	1455	1238	1520
g3268	80	141	123	181	98	185
g3269	51	18	35	23	8	30
g3270	10	11	0	0	3	0
g3271	2	89	8	6	13	10
g3272	3660	4826	3800	318	1598	1022
g3273	0	0	0	8	2	0
g3274	0	0	0	0	0	0
g3275	0	0	0	0	0	0
g3276	0	0	0	0	0	0
g3277	0	0	0	0	0	0
g3278	0	0	0	0	0	0
g3279	0	0	0	0	0	0
g3280	0	0	0	0	0	0
g3281	0	0	0	0	0	0
g3282	0	0	0	0	0	0
g3283	0	0	0	0	0	0
g3284	0	0	0	0	0	0
g3285	0	0	0	0	0	1
g3286	0	0	0	0	0	0
g3287	0	0	0	0	0	0
g3288	0	0	0	0	0	0
g3289	0	0	0	8	0	0
g3290	0	0	0	0	0	0
g3291	0	0	0	0	0	0
g3292	0	0	0	0	0	0
g3293	0	0	0	0	0	0
g3294	0	0	0	0	0	0
g3295	0	0	0	0	0	0
g3296	26	44	60	56	4	60
